0 0.07572115384615384 0.24519230769230768 0.15144230769230768 0.3605769230769231
0 0.20793269230769232 0.15144230769230768 0.12620192307692307 0.19230769230769232
0 0.34975961538461536 0.2403846153846154 0.14182692307692307 0.33774038461538464
1 0.5588942307692307 0.23076923076923078 0.11778846153846154 0.46153846153846156
1 0.6574519230769231 0.23557692307692307 0.17067307692307693 0.47115384615384615
1 0.7980769230769231 0.23557692307692307 0.21153846153846154 0.47115384615384615
1 0.9290865384615384 0.2439903846153846 0.13701923076923078 0.4879807692307692
0 0.14543269230769232 0.9483173076923077 0.0985576923076923 0.0985576923076923
1 0.16105769230769232 0.7584134615384616 0.18269230769230768 0.47836538461538464
1 0.38100961538461536 0.7584134615384616 0.21875 0.47836538461538464
0 0.6442307692307693 0.7776442307692307 0.28846153846153844 0.43990384615384615