1 0.13581730769230768 0.3954326923076923 0.27163461538461536 0.7235576923076923
0 0.5612980769230769 0.24278846153846154 0.171875 0.41346153846153844
0 0.6971153846153846 0.25600961538461536 0.1778846153846154 0.34975961538461536
0 0.7632211538461539 0.390625 0.22355769230769232 0.30408653846153844
0 0.5456730769230769 0.40625 0.2403846153846154 0.28846153846153844
0 0.4483173076923077 0.28725961538461536 0.07932692307692307 0.46875
0 0.9603365384615384 0.35216346153846156 0.07451923076923077 0.5504807692307693
0 0.8846153846153846 0.3329326923076923 0.14182692307692307 0.45552884615384615
1 0.13581730769230768 0.8786057692307693 0.25721153846153844 0.23798076923076922
1 0.2860576923076923 0.8786057692307693 0.2403846153846154 0.23798076923076922
1 0.6334134615384616 0.8786057692307693 0.4495192307692308 0.23798076923076922