0 0.27403846153846156 0.18870192307692307 0.09375 0.23677884615384615
0 0.4266826923076923 0.16706730769230768 0.13942307692307693 0.19230769230769232
0 0.5192307692307693 0.1971153846153846 0.052884615384615384 0.17307692307692307
0 0.5336538461538461 0.24278846153846154 0.02403846153846154 0.23076923076923078
0 0.2283653846153846 0.234375 0.1622596153846154 0.2692307692307692
0 0.14423076923076922 0.2668269230769231 0.15745192307692307 0.30649038461538464
0 0.10216346153846154 0.3137019230769231 0.20432692307692307 0.36778846153846156
0 0.7728365384615384 0.24879807692307693 0.4495192307692308 0.49759615384615385
0 0.0829326923076923 0.8149038461538461 0.1658653846153846 0.36538461538461536
0 0.3425480769230769 0.7223557692307693 0.22596153846153846 0.38100961538461536
0 0.9326923076923077 0.7596153846153846 0.12980769230769232 0.47596153846153844