1 0.25721153846153844 0.2536057692307692 0.21634615384615385 0.5072115384615384
1 0.5625 0.2536057692307692 0.22115384615384615 0.5072115384615384
0 0.9567307692307693 0.2536057692307692 0.08173076923076923 0.5072115384615384
0 0.8449519230769231 0.21153846153846154 0.08413461538461539 0.2283653846153846
0 0.8846153846153846 0.12139423076923077 0.026442307692307692 0.06129807692307692
0 0.7175480769230769 0.21394230769230768 0.13822115384615385 0.2247596153846154
0 0.7163461538461539 0.125 0.06129807692307692 0.10336538461538461
0 0.6237980769230769 0.13942307692307693 0.05048076923076923 0.11298076923076923
0 0.6586538461538461 0.14182692307692307 0.020432692307692308 0.09254807692307693
0 0.6105769230769231 0.08173076923076923 0.027644230769230768 0.06490384615384616
0 0.17668269230769232 0.9699519230769231 0.026442307692307692 0.055288461538461536
0 0.14423076923076922 0.8810096153846154 0.1875 0.23317307692307693
1 0.6370192307692307 0.7536057692307693 0.4807692307692308 0.4879807692307692