0 0.5084134615384616 0.1875 0.09254807692307693 0.14903846153846154
0 0.41586538461538464 0.28725961538461536 0.1045673076923077 0.34975961538461536
0 0.375 0.2956730769230769 0.054086538461538464 0.3173076923076923
0 0.30528846153846156 0.3233173076923077 0.09375 0.34134615384615385
0 0.06971153846153846 0.3485576923076923 0.08413461538461539 0.36538461538461536
0 0.021634615384615384 0.3329326923076923 0.04326923076923077 0.38221153846153844
0 0.9675480769230769 0.49759615384615385 0.06009615384615385 0.3557692307692308
0 0.8173076923076923 0.34615384615384615 0.20192307692307693 0.6586538461538461
1 0.05048076923076923 0.8293269230769231 0.10096153846153846 0.30288461538461536
1 0.39783653846153844 0.8377403846153846 0.31490384615384615 0.31971153846153844
0 0.7776442307692307 0.8389423076923077 0.43990384615384615 0.3173076923076923