0 0.21995192307692307 0.40384615384615385 0.040865384615384616 0.16346153846153846
0 0.3641826923076923 0.3713942307692308 0.04567307692307692 0.2283653846153846
0 0.46634615384615385 0.27524038461538464 0.042067307692307696 0.18629807692307693
0 0.48197115384615385 0.40384615384615385 0.05048076923076923 0.16346153846153846
1 0.6141826923076923 0.29927884615384615 0.15144230769230768 0.37259615384615385
1 0.8701923076923077 0.296875 0.16346153846153846 0.37740384615384615
1 0.453125 0.7055288461538461 0.10817307692307693 0.43509615384615385
1 0.019230769230769232 0.5192307692307693 0.038461538461538464 0.0625
1 0.609375 0.8004807692307693 0.12740384615384615 0.3942307692307692
1 0.7776442307692307 0.7596153846153846 0.17548076923076922 0.47596153846153844
1 0.9314903846153846 0.7427884615384616 0.13221153846153846 0.5096153846153846