1 0.2608173076923077 0.21394230769230768 0.12740384615384615 0.4230769230769231
1 0.34134615384615385 0.08413461538461539 0.13942307692307693 0.16826923076923078
1 0.4338942307692308 0.22235576923076922 0.06009615384615385 0.20793269230769232
1 0.5997596153846154 0.15625 0.056490384615384616 0.25600961538461536
1 0.6442307692307693 0.1622596153846154 0.052884615384615384 0.3245192307692308
1 0.7055288461538461 0.16826923076923078 0.05889423076923077 0.2800480769230769
1 0.8004807692307693 0.234375 0.10576923076923077 0.38221153846153844
1 0.8990384615384616 0.22115384615384615 0.038461538461538464 0.18028846153846154
1 0.9519230769230769 0.2692307692307692 0.09134615384615384 0.3125
1 0.26322115384615385 0.7127403846153846 0.2283653846153846 0.5697115384615384
1 0.8954326923076923 0.7127403846153846 0.20432692307692307 0.5697115384615384