1 0.26802884615384615 0.14783653846153846 0.5360576923076923 0.2956730769230769
1 0.6947115384615384 0.18269230769230768 0.3125 0.22596153846153846
1 0.8221153846153846 0.15504807692307693 0.35096153846153844 0.28125
1 0.03365384615384615 0.5300480769230769 0.052884615384615384 0.13221153846153846
1 0.18990384615384615 0.45552884615384615 0.04807692307692308 0.1346153846153846
1 0.23798076923076922 0.41586538461538464 0.042067307692307696 0.13701923076923078
1 0.3401442307692308 0.36899038461538464 0.06971153846153846 0.14182692307692307
1 0.4423076923076923 0.34375 0.07211538461538461 0.09134615384615384
1 0.5180288461538461 0.3269230769230769 0.036057692307692304 0.057692307692307696
1 0.47716346153846156 0.6694711538461539 0.11778846153846154 0.65625
1 0.8028846153846154 0.6418269230769231 0.23557692307692307 0.6875