0 0.22956730769230768 0.41586538461538464 0.45913461538461536 0.3798076923076923
0 0.45552884615384615 0.30288461538461536 0.22355769230769232 0.6057692307692307
1 0.6310096153846154 0.36538461538461536 0.12259615384615384 0.4807692307692308
1 0.7091346153846154 0.3762019230769231 0.125 0.45913461538461536
1 0.7463942307692307 0.47596153846153844 0.18028846153846154 0.25961538461538464
1 0.8786057692307693 0.34975961538461536 0.06009615384615385 0.5120192307692307
1 0.9182692307692307 0.1346153846153846 0.026442307692307692 0.12379807692307693
1 0.9350961538461539 0.328125 0.1201923076923077 0.5552884615384616
1 0.027644230769230768 0.8990384615384616 0.055288461538461536 0.1971153846153846
1 0.10336538461538461 0.8786057692307693 0.20673076923076922 0.23798076923076922
1 0.3076923076923077 0.8569711538461539 0.32211538461538464 0.28125
1 0.7151442307692307 0.8028846153846154 0.29086538461538464 0.3894230769230769