0 0.41586538461538464 0.3137019230769231 0.3605769230769231 0.6274038461538461
1 0.1814903846153846 0.34975961538461536 0.3629807692307692 0.5552884615384616
1 0.6778846153846154 0.39903846153846156 0.15865384615384615 0.4567307692307692
1 0.84375 0.33052884615384615 0.18269230769230768 0.59375
0 0.125 0.7487980769230769 0.25 0.23798076923076922
1 0.3870192307692308 0.7884615384615384 0.4182692307692308 0.3173076923076923
1 0.5060096153846154 0.8137019230769231 0.18028846153846154 0.36778846153846156
1 0.6189903846153846 0.8137019230769231 0.040865384615384616 0.36778846153846156
1 0.6514423076923077 0.8557692307692307 0.10576923076923077 0.28365384615384615
1 0.7463942307692307 0.8137019230769231 0.06009615384615385 0.36778846153846156
1 0.8028846153846154 0.8137019230769231 0.1201923076923077 0.36778846153846156
1 0.90625 0.8137019230769231 0.125 0.36778846153846156