1 0.203125 0.4074519230769231 0.21394230769230768 0.39663461538461536
0 0.4110576923076923 0.30649038461538464 0.04326923076923077 0.5985576923076923
0 0.46153846153846156 0.3161057692307692 0.11057692307692307 0.5793269230769231
0 0.5396634615384616 0.30288461538461536 0.1466346153846154 0.6057692307692307
0 0.6201923076923077 0.30288461538461536 0.11538461538461539 0.6057692307692307
0 0.7319711538461539 0.30288461538461536 0.13221153846153846 0.6057692307692307
0 0.8004807692307693 0.30288461538461536 0.10576923076923077 0.6057692307692307
0 0.8942307692307693 0.30288461538461536 0.10096153846153846 0.6057692307692307
0 0.5096153846153846 0.040865384615384616 0.125 0.08173076923076923
0 0.6189903846153846 0.04567307692307692 0.12259615384615384 0.09134615384615384
0 0.671875 0.03485576923076923 0.06490384615384616 0.06971153846153846
0 0.8149038461538461 0.027644230769230768 0.08653846153846154 0.055288461538461536
0 0.33413461538461536 0.9194711538461539 0.10576923076923077 0.15625
0 0.3112980769230769 0.9399038461538461 0.15144230769230768 0.11538461538461539
0 0.14423076923076922 0.9170673076923077 0.28846153846153844 0.16105769230769232
1 0.4266826923076923 0.9026442307692307 0.07451923076923077 0.18990384615384615
1 0.46634615384615385 0.9002403846153846 0.09615384615384616 0.19471153846153846
1 0.5384615384615384 0.8918269230769231 0.1201923076923077 0.21153846153846154
1 0.609375 0.8762019230769231 0.16105769230769232 0.24278846153846154
1 0.734375 0.8557692307692307 0.21394230769230768 0.28365384615384615
1 0.8894230769230769 0.8341346153846154 0.21634615384615385 0.3269230769230769