0 0.265625 0.19831730769230768 0.17548076923076922 0.39663461538461536
0 0.3894230769230769 0.20072115384615385 0.15384615384615385 0.35336538461538464
0 0.4110576923076923 0.33533653846153844 0.11057692307692307 0.30528846153846156
0 0.25 0.35096153846153844 0.2403846153846154 0.28846153846153844
0 0.09615384615384616 0.23317307692307693 0.19230769230769232 0.46634615384615385
1 0.6201923076923077 0.3701923076923077 0.20192307692307693 0.49038461538461536
1 0.7872596153846154 0.4326923076923077 0.1466346153846154 0.36538461538461536
1 0.8762019230769231 0.5120192307692307 0.09375 0.20673076923076922
0 0.23317307692307693 0.8076923076923077 0.46634615384615385 0.3798076923076923
1 0.5408653846153846 0.8076923076923077 0.14423076923076922 0.3798076923076923
1 0.7944711538461539 0.8076923076923077 0.11298076923076923 0.3798076923076923