1 0.06610576923076923 0.27403846153846156 0.13221153846153846 0.5480769230769231
0 0.25240384615384615 0.35336538461538464 0.24519230769230768 0.5048076923076923
0 0.3870192307692308 0.2824519230769231 0.07692307692307693 0.5649038461538461
0 0.3125 0.10336538461538461 0.10576923076923077 0.20673076923076922
0 0.22355769230769232 0.10576923076923077 0.11538461538461539 0.21153846153846154
0 0.15625 0.1935096153846154 0.08173076923076923 0.3870192307692308
0 0.0673076923076923 0.15264423076923078 0.07692307692307693 0.30528846153846156
0 0.020432692307692308 0.15264423076923078 0.040865384615384616 0.30528846153846156
1 0.6983173076923077 0.30288461538461536 0.5408653846153846 0.6057692307692307
0 0.20793269230769232 0.8473557692307693 0.41586538461538464 0.3004807692307692
0 0.3629807692307692 0.8028846153846154 0.125 0.3894230769230769
0 0.8341346153846154 0.8028846153846154 0.3269230769230769 0.3894230769230769
0 0.7127403846153846 0.8028846153846154 0.5697115384615384 0.3894230769230769