0 0.19471153846153846 0.10817307692307693 0.3894230769230769 0.21634615384615385
0 0.3329326923076923 0.10817307692307693 0.2091346153846154 0.21634615384615385
0 0.5096153846153846 0.12740384615384615 0.10096153846153846 0.1778846153846154
0 0.21875 0.6081730769230769 0.4375 0.7788461538461539
1 0.5913461538461539 0.6129807692307693 0.30288461538461536 0.7692307692307693
0 0.8629807692307693 0.8040865384615384 0.24519230769230768 0.3870192307692308
0 0.9783653846153846 0.6983173076923077 0.038461538461538464 0.5985576923076923
0 0.9230769230769231 0.5961538461538461 0.1045673076923077 0.23677884615384615
0 0.8341346153846154 0.5805288461538461 0.11298076923076923 0.2776442307692308
0 0.7668269230769231 0.6862980769230769 0.07932692307692307 0.4182692307692308
0 0.6778846153846154 0.65625 0.07451923076923077 0.3125
0 0.6009615384615384 0.6394230769230769 0.0985576923076923 0.34975961538461536