0 0.22355769230769232 0.20552884615384615 0.44711538461538464 0.28125
0 0.6298076923076923 0.21995192307692307 0.15865384615384615 0.25240384615384615
0 0.7379807692307693 0.22956730769230768 0.11057692307692307 0.23317307692307693
0 0.8161057692307693 0.20552884615384615 0.1466346153846154 0.28125
0 0.8966346153846154 0.19471153846153846 0.11538461538461539 0.30288461538461536
0 0.640625 0.06490384615384616 0.0889423076923077 0.12980769230769232
0 0.6514423076923077 0.0625 0.09615384615384616 0.125
0 0.7127403846153846 0.054086538461538464 0.07932692307692307 0.10817307692307693
0 0.7860576923076923 0.08413461538461539 0.125 0.16826923076923078
0 0.8954326923076923 0.0889423076923077 0.12259615384615384 0.1778846153846154
0 0.9483173076923077 0.078125 0.06490384615384616 0.15625
0 0.984375 0.054086538461538464 0.026442307692307692 0.10817307692307693
1 0.13822115384615385 0.6875 0.2764423076923077 0.6201923076923077
1 0.046875 0.5721153846153846 0.09375 0.1875
1 0.7463942307692307 0.6730769230769231 0.5024038461538461 0.6490384615384616