1 0.1346153846153846 0.28846153846153844 0.2692307692307692 0.5769230769230769
1 0.3762019230769231 0.28846153846153844 0.21875 0.5769230769230769
1 0.59375 0.28846153846153844 0.21153846153846154 0.5769230769230769
1 0.16346153846153846 0.7884615384615384 0.17307692307692307 0.4182692307692308
1 0.34375 0.734375 0.15865384615384615 0.31009615384615385
1 0.6310096153846154 0.6189903846153846 0.020432692307692308 0.054086538461538464
1 0.6947115384615384 0.9831730769230769 0.019230769230769232 0.028846153846153848
1 0.7091346153846154 0.9519230769230769 0.028846153846153848 0.09134615384615384
1 0.7259615384615384 0.9302884615384616 0.028846153846153848 0.1346153846153846
1 0.765625 0.8449519230769231 0.055288461538461536 0.30528846153846156
1 0.8569711538461539 0.7884615384615384 0.07451923076923077 0.4182692307692308