1 0.02283653846153846 0.2127403846153846 0.04567307692307692 0.4254807692307692
1 0.055288461538461536 0.27884615384615385 0.11057692307692307 0.2932692307692308
1 0.15264423076923078 0.2127403846153846 0.06009615384615385 0.4254807692307692
1 0.2091346153846154 0.2127403846153846 0.1201923076923077 0.4254807692307692
1 0.3125 0.2127403846153846 0.125 0.4254807692307692
1 0.421875 0.2127403846153846 0.06971153846153846 0.4254807692307692
1 0.07692307692307693 0.6033653846153846 0.15384615384615385 0.35096153846153844
1 0.27163461538461536 0.7127403846153846 0.3076923076923077 0.5697115384615384
1 0.3762019230769231 0.5685096153846154 0.16105769230769232 0.28125
1 0.7572115384615384 0.7127403846153846 0.4807692307692308 0.5697115384615384
1 0.8966346153846154 0.8413461538461539 0.20192307692307693 0.3125