1 0.18509615384615385 0.20793269230769232 0.3701923076923077 0.41586538461538464
0 0.6526442307692307 0.3137019230769231 0.040865384615384616 0.20432692307692307
0 0.796875 0.27403846153846156 0.04447115384615385 0.2536057692307692
0 0.8990384615384616 0.16466346153846154 0.042067307692307696 0.18629807692307693
0 0.9483173076923077 0.32572115384615385 0.08413461538461539 0.18028846153846154
0 0.921875 0.3137019230769231 0.06490384615384616 0.20432692307692307
1 0.021634615384615384 0.6838942307692307 0.04326923076923077 0.25721153846153844
1 0.05048076923076923 0.6742788461538461 0.04807692307692308 0.2776442307692308
1 0.0985576923076923 0.6754807692307693 0.06850961538461539 0.32211538461538464
1 0.16706730769230768 0.6766826923076923 0.07932692307692307 0.3701923076923077
1 0.25240384615384615 0.6682692307692307 0.10697115384615384 0.42788461538461536
1 0.36778846153846156 0.6634615384615384 0.11538461538461539 0.49038461538461536
1 0.4579326923076923 0.6875 0.055288461538461536 0.5384615384615384
0 0.6574519230769231 0.7079326923076923 0.2620192307692308 0.5793269230769231
0 0.8317307692307693 0.7367788461538461 0.16826923076923078 0.5216346153846154
0 0.9447115384615384 0.71875 0.10576923076923077 0.5576923076923077