1 0.2956730769230769 0.1141826923076923 0.11057692307692307 0.2283653846153846
1 0.040865384615384616 0.109375 0.0673076923076923 0.21875
0 0.08413461538461539 0.2956730769230769 0.052884615384615384 0.18269230769230768
0 0.12860576923076922 0.29927884615384615 0.055288461538461536 0.17548076923076922
0 0.19831730769230768 0.6935096153846154 0.39663461538461536 0.6081730769230769
1 0.8173076923076923 0.7223557692307693 0.2692307692307692 0.5504807692307693
1 0.9867788461538461 0.5697115384615384 0.021634615384615384 0.15384615384615385
0 0.6081730769230769 0.8341346153846154 0.24519230769230768 0.3269230769230769
0 0.9254807692307693 0.6418269230769231 0.054086538461538464 0.18990384615384615
0 0.9915865384615384 0.6045673076923077 0.01201923076923077 0.14182692307692307
0 0.96875 0.6153846153846154 0.040865384615384616 0.11899038461538461