0 0.21514423076923078 0.3557692307692308 0.20432692307692307 0.25961538461538464
0 0.3329326923076923 0.24278846153846154 0.2091346153846154 0.4855769230769231
0 0.2247596153846154 0.24278846153846154 0.3918269230769231 0.4855769230769231
0 0.9447115384615384 0.24278846153846154 0.10576923076923077 0.4855769230769231
0 0.8870192307692307 0.24278846153846154 0.10576923076923077 0.3545673076923077
0 0.7271634615384616 0.171875 0.07211538461538461 0.2512019230769231
1 0.11298076923076923 0.6490384615384616 0.22596153846153846 0.20673076923076922
1 0.04807692307692308 0.7451923076923077 0.09615384615384616 0.125
1 0.19951923076923078 0.7872596153846154 0.31850961538461536 0.28966346153846156
1 0.3701923076923077 0.8245192307692307 0.4519230769230769 0.34615384615384615
0 0.6538461538461539 0.6862980769230769 0.11057692307692307 0.13221153846153846