1 0.3076923076923077 0.37740384615384615 0.125 0.3557692307692308
1 0.4411057692307692 0.31490384615384615 0.1466346153846154 0.4807692307692308
0 0.6838942307692307 0.3173076923076923 0.27163461538461536 0.47596153846153844
0 0.44711538461538464 0.7776442307692307 0.1971153846153846 0.43990384615384615
0 0.019230769230769232 0.703125 0.038461538461538464 0.29086538461538464
0 0.09134615384615384 0.65625 0.08653846153846154 0.1971153846153846
0 0.171875 0.6478365384615384 0.078125 0.17427884615384615
0 0.09254807692307693 0.8617788461538461 0.18509615384615385 0.27163461538461536
0 0.2283653846153846 0.7992788461538461 0.18629807692307693 0.29086538461538464
0 0.36658653846153844 0.7632211538461539 0.08413461538461539 0.4110576923076923
0 0.24639423076923078 0.6225961538461539 0.12259615384615384 0.12980769230769232
0 0.7067307692307693 0.7776442307692307 0.1346153846153846 0.43990384615384615
0 0.8798076923076923 0.7776442307692307 0.17307692307692307 0.43990384615384615