0 0.1141826923076923 0.4951923076923077 0.036057692307692304 0.0625
1 0.828125 0.26322115384615385 0.3389423076923077 0.5264423076923077
0 0.8401442307692307 0.26322115384615385 0.31490384615384615 0.5264423076923077
1 0.22115384615384615 0.8425480769230769 0.20192307692307693 0.31009615384615385
1 0.4987980769230769 0.7632211538461539 0.31490384615384615 0.46875
0 0.671875 0.7716346153846154 0.026442307692307692 0.2548076923076923
0 0.7644230769230769 0.6622596153846154 0.042067307692307696 0.18629807692307693
0 0.8846153846153846 0.8677884615384616 0.09134615384615384 0.25961538461538464
0 0.8137019230769231 0.8653846153846154 0.08413461538461539 0.2644230769230769
0 0.7872596153846154 0.8533653846153846 0.06490384615384616 0.28846153846153844
0 0.9326923076923077 0.8858173076923077 0.10096153846153846 0.22355769230769232