0 0.06009615384615385 0.2127403846153846 0.1201923076923077 0.4254807692307692
0 0.8149038461538461 0.11177884615384616 0.2548076923076923 0.22355769230769232
0 0.33413461538461536 0.7632211538461539 0.6057692307692307 0.46875
0 0.7019230769230769 0.8185096153846154 0.125 0.3581730769230769
0 0.7716346153846154 0.8076923076923077 0.11538461538461539 0.3798076923076923
0 0.8834134615384616 0.8004807692307693 0.13221153846153846 0.3942307692307692
0 0.9483173076923077 0.8100961538461539 0.0985576923076923 0.375
0 0.6814903846153846 0.6358173076923077 0.08413461538461539 0.21394230769230768
0 0.7704326923076923 0.640625 0.12259615384615384 0.22355769230769232
0 0.8221153846153846 0.6322115384615384 0.0625 0.19230769230769232
0 0.8846153846153846 0.609375 0.07572115384615384 0.14182692307692307
0 0.9603365384615384 0.6225961538461539 0.07451923076923077 0.1875