1 0.20432692307692307 0.2776442307692308 0.2692307692307692 0.5552884615384616
1 0.5300480769230769 0.12379807692307693 0.06610576923076923 0.21754807692307693
1 0.4735576923076923 0.11298076923076923 0.052884615384615384 0.17668269230769232
1 0.39903846153846156 0.09615384615384616 0.06971153846153846 0.1502403846153846
0 0.05889423076923077 0.4170673076923077 0.11778846153846154 0.43990384615384615
0 0.42908653846153844 0.41586538461538464 0.25240384615384615 0.4423076923076923
0 0.3125 0.16826923076923078 0.054086538461538464 0.18990384615384615
0 0.5841346153846154 0.17307692307692307 0.04326923076923077 0.15865384615384615
0 0.39663461538461536 0.1310096153846154 0.04447115384615385 0.140625
0 0.3557692307692308 0.14182692307692307 0.040865384615384616 0.11899038461538461
1 0.8028846153846154 0.31850961538461536 0.3894230769230769 0.6370192307692307
1 0.1622596153846154 0.8786057692307693 0.07451923076923077 0.23798076923076922
1 0.2860576923076923 0.8786057692307693 0.08173076923076923 0.23798076923076922
1 0.4110576923076923 0.8786057692307693 0.07211538461538461 0.23798076923076922
1 0.014423076923076924 0.8173076923076923 0.02403846153846154 0.17067307692307693
0 0.7451923076923077 0.8185096153846154 0.27403846153846156 0.3581730769230769
0 0.7451923076923077 0.8185096153846154 0.27403846153846156 0.3581730769230769