1 0.09975961538461539 0.2091346153846154 0.12740384615384615 0.3942307692307692
1 0.18028846153846154 0.0889423076923077 0.13942307692307693 0.1778846153846154
1 0.27283653846153844 0.23197115384615385 0.06009615384615385 0.20793269230769232
1 0.41225961538461536 0.22956730769230768 0.027644230769230768 0.14903846153846154
1 0.43509615384615385 0.24759615384615385 0.04567307692307692 0.20192307692307693
1 0.8401442307692307 0.203125 0.3004807692307692 0.40625
0 0.5132211538461539 0.6899038461538461 0.13822115384615385 0.34615384615384615
0 0.5661057692307693 0.7752403846153846 0.24278846153846154 0.44471153846153844
0 0.2980769230769231 0.703125 0.4230769230769231 0.5889423076923077
1 0.7848557692307693 0.8317307692307693 0.18990384615384615 0.3317307692307692
1 0.9314903846153846 0.8353365384615384 0.13221153846153846 0.3245192307692308