0 0.040865384615384616 0.1346153846153846 0.08173076923076923 0.2692307692307692
0 0.0673076923076923 0.3233173076923077 0.1346153846153846 0.2860576923076923
0 0.19591346153846154 0.3112980769230769 0.1466346153846154 0.31009615384615385
0 0.12139423076923077 0.1201923076923077 0.0985576923076923 0.2403846153846154
1 0.6526442307692307 0.23317307692307693 0.21875 0.46634615384615385
1 0.8725961538461539 0.23317307692307693 0.1971153846153846 0.46634615384615385
0 0.18509615384615385 0.734375 0.3701923076923077 0.5264423076923077
1 0.5396634615384616 0.7980769230769231 0.07932692307692307 0.39903846153846156
1 0.6610576923076923 0.8533653846153846 0.18269230769230768 0.28846153846153844
1 0.7163461538461539 0.7692307692307693 0.12259615384615384 0.2620192307692308
1 0.8737980769230769 0.8521634615384616 0.15144230769230768 0.29086538461538464