1 0.29086538461538464 0.20072115384615385 0.04807692307692308 0.1346153846153846
1 0.3389423076923077 0.16105769230769232 0.042067307692307696 0.13701923076923078
1 0.43990384615384615 0.10576923076923077 0.0673076923076923 0.15384615384615385
1 0.5432692307692307 0.0673076923076923 0.07211538461538461 0.1346153846153846
1 0.6358173076923077 0.05048076923076923 0.06971153846153846 0.10096153846153846
1 0.7608173076923077 0.02283653846153846 0.06490384615384616 0.04567307692307692
1 0.6658653846153846 0.2920673076923077 0.2932692307692308 0.4110576923076923
1 0.11298076923076923 0.7487980769230769 0.14903846153846154 0.49759615384615385
1 0.28365384615384615 0.7487980769230769 0.1875 0.49759615384615385
1 0.4362980769230769 0.7487980769230769 0.33413461538461536 0.49759615384615385
1 0.6923076923076923 0.7487980769230769 0.4182692307692308 0.49759615384615385
1 0.9375 0.7487980769230769 0.1201923076923077 0.49759615384615385