0 0.0673076923076923 0.3317307692307692 0.07692307692307693 0.2692307692307692
0 0.14302884615384615 0.35697115384615385 0.08413461538461539 0.21875
0 0.24759615384615385 0.36177884615384615 0.09615384615384616 0.2091346153846154
0 0.7487980769230769 0.23317307692307693 0.21875 0.46634615384615385
0 0.8377403846153846 0.21634615384615385 0.1466346153846154 0.4326923076923077
0 0.9110576923076923 0.23317307692307693 0.17307692307692307 0.46634615384615385
0 0.9230769230769231 0.23317307692307693 0.14903846153846154 0.46634615384615385
0 0.13221153846153846 0.7331730769230769 0.2644230769230769 0.5288461538461539
0 0.32572115384615385 0.7331730769230769 0.19471153846153846 0.5288461538461539
0 0.4795673076923077 0.7331730769230769 0.21394230769230768 0.5288461538461539
1 0.8353365384615384 0.8112980769230769 0.22355769230769232 0.37259615384615385