1 0.09134615384615384 0.2932692307692308 0.18269230769230768 0.5865384615384616
1 0.47716346153846156 0.2932692307692308 0.07451923076923077 0.5865384615384616
1 0.5300480769230769 0.18269230769230768 0.12740384615384615 0.36538461538461536
1 0.6189903846153846 0.22596153846153846 0.19471153846153846 0.4519230769230769
1 0.7391826923076923 0.16706730769230768 0.12740384615384615 0.33413461538461536
1 0.8966346153846154 0.21394230769230768 0.125 0.42788461538461536
1 0.96875 0.07572115384615384 0.057692307692307696 0.15144230769230768
1 0.13581730769230768 0.7932692307692307 0.27163461538461536 0.40865384615384615
0 0.6490384615384616 0.7932692307692307 0.15865384615384615 0.40865384615384615
0 0.7572115384615384 0.7932692307692307 0.11057692307692307 0.40865384615384615
0 0.8353365384615384 0.7932692307692307 0.1466346153846154 0.40865384615384615
0 0.9158653846153846 0.7932692307692307 0.11538461538461539 0.40865384615384615