0 0.34615384615384615 0.265625 0.18269230769230768 0.34375
0 0.6850961538461539 0.2980769230769231 0.0985576923076923 0.2403846153846154
0 0.1310096153846154 0.8028846153846154 0.2620192307692308 0.3894230769230769
0 0.6225961538461539 0.7836538461538461 0.15865384615384615 0.42788461538461536
0 0.7307692307692307 0.7932692307692307 0.11057692307692307 0.40865384615384615
0 0.8088942307692307 0.7692307692307693 0.1466346153846154 0.4567307692307692
0 0.8894230769230769 0.7584134615384616 0.11538461538461539 0.47836538461538464
0 0.9663461538461539 0.7512019230769231 0.0625 0.49278846153846156
0 0.6334134615384616 0.5228365384615384 0.0889423076923077 0.1658653846153846
0 0.6442307692307693 0.5276442307692307 0.09375 0.14182692307692307
0 0.7055288461538461 0.5120192307692307 0.07932692307692307 0.14423076923076922
0 0.7788461538461539 0.5420673076923077 0.125 0.20432692307692307
0 0.8882211538461539 0.546875 0.12259615384615384 0.21394230769230768
0 0.9411057692307693 0.5360576923076923 0.06490384615384616 0.19230769230769232
0 0.9807692307692307 0.5120192307692307 0.03365384615384615 0.14423076923076922