1 0.09134615384615384 0.25841346153846156 0.10096153846153846 0.47836538461538464
1 0.13942307692307693 0.33052884615384615 0.12980769230769232 0.33413461538461536
1 0.30528846153846156 0.32572115384615385 0.09134615384615384 0.34375
1 0.43028846153846156 0.19591346153846154 0.03365384615384615 0.3918269230769231
0 0.9338942307692307 0.3125 0.12740384615384615 0.3701923076923077
0 0.8461538461538461 0.3605769230769231 0.2403846153846154 0.27403846153846156
0 0.7632211538461539 0.38100961538461536 0.1658653846153846 0.23317307692307693
0 0.5913461538461539 0.3581730769230769 0.28365384615384615 0.27884615384615385
0 0.18990384615384615 0.7800480769230769 0.3798076923076923 0.43509615384615385
0 0.3581730769230769 0.7487980769230769 0.1778846153846154 0.49759615384615385
0 0.7235576923076923 0.7487980769230769 0.5480769230769231 0.49759615384615385