1 0.38461538461538464 0.12860576923076922 0.16346153846153846 0.25721153846153844
0 0.5997596153846154 0.3112980769230769 0.1466346153846154 0.15144230769230768
0 0.6802884615384616 0.3004807692307692 0.11538461538461539 0.17307692307692307
0 0.7920673076923077 0.2932692307692308 0.13221153846153846 0.1875
0 0.8605769230769231 0.30288461538461536 0.10576923076923077 0.16826923076923078
0 0.9507211538461539 0.3161057692307692 0.09375 0.14182692307692307
0 0.5024038461538461 0.17548076923076922 0.0673076923076923 0.20673076923076922
0 0.5685096153846154 0.2247596153846154 0.12259615384615384 0.22716346153846154
0 0.6778846153846154 0.22596153846153846 0.1201923076923077 0.2403846153846154
0 0.7307692307692307 0.2283653846153846 0.0625 0.19230769230769232
0 0.7932692307692307 0.20552884615384615 0.07572115384615384 0.14182692307692307
0 0.8737980769230769 0.20552884615384615 0.08413461538461539 0.21033653846153846
1 0.24158653846153846 0.6899038461538461 0.4495192307692308 0.6009615384615384