1 0.24519230769230768 0.2824519230769231 0.22115384615384615 0.5649038461538461
0 0.5060096153846154 0.25240384615384615 0.040865384615384616 0.23076923076923078
0 0.40024038461538464 0.2548076923076923 0.13822115384615385 0.2247596153846154
0 0.39903846153846156 0.1658653846153846 0.06129807692307692 0.10336538461538461
0 0.30649038461538464 0.18028846153846154 0.05048076923076923 0.11298076923076923
0 0.34134615384615385 0.18269230769230768 0.020432692307692308 0.09254807692307693
0 0.2932692307692308 0.12259615384615384 0.027644230769230768 0.06490384615384616
1 0.6201923076923077 0.03125 0.11538461538461539 0.0625
0 0.9447115384615384 0.13942307692307693 0.10576923076923077 0.27884615384615385
1 0.828125 0.4230769230769231 0.3389423076923077 0.3269230769230769
0 0.19230769230769232 0.6862980769230769 0.33653846153846156 0.19471153846153846
1 0.7632211538461539 0.7932692307692307 0.46875 0.40865384615384615