0 0.36538461538461536 0.12379807692307693 0.3269230769230769 0.203125
1 0.2704326923076923 0.28365384615384615 0.5408653846153846 0.5673076923076923
0 0.8858173076923077 0.109375 0.21875 0.21875
1 0.056490384615384616 0.7992788461538461 0.11298076923076923 0.39663461538461536
1 0.13221153846153846 0.7836538461538461 0.17307692307692307 0.42788461538461536
1 0.21153846153846154 0.8449519230769231 0.08173076923076923 0.30528846153846156
1 0.26322115384615385 0.8653846153846154 0.10336538461538461 0.2644230769230769
1 0.36538461538461536 0.8461538461538461 0.19230769230769232 0.30288461538461536
1 0.7391826923076923 0.7836538461538461 0.13701923076923078 0.42788461538461536
1 0.8822115384615384 0.7992788461538461 0.17307692307692307 0.39663461538461536
0 0.6514423076923077 0.7764423076923077 0.055288461538461536 0.12139423076923077