1 0.2776442307692308 0.24879807692307693 0.37740384615384615 0.49759615384615385
1 0.5144230769230769 0.2620192307692308 0.09134615384615384 0.5240384615384616
1 0.6237980769230769 0.24158653846153846 0.12740384615384615 0.4831730769230769
1 0.7620192307692307 0.24639423076923078 0.14903846153846154 0.49278846153846156
1 0.8990384615384616 0.24639423076923078 0.125 0.49278846153846156
1 0.9819711538461539 0.26802884615384615 0.03125 0.5360576923076923
1 0.23317307692307693 0.7680288461538461 0.46634615384615385 0.45913461538461536
1 0.5721153846153846 0.7680288461538461 0.20673076923076922 0.45913461538461536
1 0.6165865384615384 0.7512019230769231 0.10336538461538461 0.4254807692307692
1 0.8173076923076923 0.7680288461538461 0.10096153846153846 0.45913461538461536
1 0.8221153846153846 0.9435096153846154 0.20192307692307693 0.10817307692307693
1 0.9507211538461539 0.8221153846153846 0.09375 0.35096153846153844
1 0.9519230769230769 0.8449519230769231 0.09134615384615384 0.30528846153846156
0 0.6514423076923077 0.8882211538461539 0.057692307692307696 0.1141826923076923