0 0.052884615384615384 0.22956730769230768 0.07451923076923077 0.3245192307692308
0 0.14423076923076922 0.15985576923076922 0.08413461538461539 0.27884615384615385
0 0.2247596153846154 0.1935096153846154 0.078125 0.17427884615384615
0 0.1346153846153846 0.3942307692307692 0.20673076923076922 0.24519230769230768
0 0.28125 0.3449519230769231 0.18629807692307693 0.29086538461538464
0 0.41225961538461536 0.2860576923076923 0.06971153846153846 0.4567307692307692
0 0.29927884615384615 0.11658653846153846 0.12259615384615384 0.23317307692307693
0 0.4074519230769231 0.054086538461538464 0.039663461538461536 0.056490384615384616
1 0.7283653846153846 0.31490384615384615 0.3557692307692308 0.40384615384615385
0 0.5625 0.7584134615384616 0.22596153846153846 0.47836538461538464
0 0.9266826923076923 0.7584134615384616 0.14182692307692307 0.47836538461538464