0 0.36899038461538464 0.2764423076923077 0.28125 0.5528846153846154
0 0.6466346153846154 0.2692307692307692 0.3269230769230769 0.5384615384615384
0 0.7584134615384616 0.055288461538461536 0.08413461538461539 0.11057692307692307
0 0.8365384615384616 0.07572115384615384 0.07572115384615384 0.1502403846153846
0 0.890625 0.140625 0.1658653846153846 0.28125
0 0.18028846153846154 0.7836538461538461 0.09134615384615384 0.42788461538461536
0 0.9050480769230769 0.7836538461538461 0.18509615384615385 0.42788461538461536
0 0.3125 0.7367788461538461 0.16826923076923078 0.33413461538461536
0 0.3762019230769231 0.6310096153846154 0.12259615384615384 0.12259615384615384
0 0.7908653846153846 0.6814903846153846 0.19230769230769232 0.22355769230769232
0 0.7007211538461539 0.6237980769230769 0.10336538461538461 0.10817307692307693