1 0.04927884615384615 0.2776442307692308 0.0985576923076923 0.5552884615384616
1 0.15865384615384615 0.2776442307692308 0.3173076923076923 0.5552884615384616
1 0.328125 0.15504807692307693 0.2283653846153846 0.31009615384615385
1 0.6286057692307693 0.37259615384615385 0.12740384615384615 0.36538461538461536
1 0.7091346153846154 0.1778846153846154 0.13942307692307693 0.3557692307692308
1 0.8016826923076923 0.4098557692307692 0.06009615384615385 0.20793269230769232
1 0.9411057692307693 0.4074519230769231 0.027644230769230768 0.14903846153846154
1 0.9639423076923077 0.4254807692307692 0.04567307692307692 0.20192307692307693
1 0.26322115384615385 0.7824519230769231 0.24278846153846154 0.43028846153846156
1 0.4074519230769231 0.7776442307692307 0.15625 0.43990384615384615
1 0.9387019230769231 0.7596153846153846 0.11778846153846154 0.40384615384615385