1 0.03245192307692308 0.265625 0.06490384615384616 0.15625
1 0.13221153846153846 0.203125 0.06850961538461539 0.1778846153846154
1 0.2247596153846154 0.18509615384615385 0.0673076923076923 0.14543269230769232
1 0.3485576923076923 0.13341346153846154 0.0625 0.13822115384615385
1 0.44711538461538464 0.1045673076923077 0.08413461538461539 0.16466346153846154
1 0.2548076923076923 0.35096153846153844 0.2932692307692308 0.21153846153846154
1 0.17067307692307693 0.7283653846153846 0.16346153846153846 0.5384615384615384
1 0.2692307692307692 0.7283653846153846 0.1875 0.5384615384615384
1 0.4230769230769231 0.7283653846153846 0.1875 0.5384615384615384
0 0.06850961538461539 0.7283653846153846 0.13701923076923078 0.5384615384615384
1 0.9266826923076923 0.7836538461538461 0.13701923076923078 0.42788461538461536