0 0.5264423076923077 0.30528846153846156 0.019230769230769232 0.15865384615384615
0 0.35697115384615385 0.33533653846153844 0.11658653846153846 0.25841346153846156
0 0.28125 0.36538461538461536 0.07692307692307693 0.2644230769230769
1 0.14182692307692307 0.24879807692307693 0.28365384615384615 0.49759615384615385
0 0.7680288461538461 0.31971153846153844 0.45913461538461536 0.3557692307692308
1 0.06009615384615385 0.5576923076923077 0.09134615384615384 0.11538461538461539
1 0.14182692307692307 0.5408653846153846 0.07692307692307693 0.08173076923076923
1 0.203125 0.5324519230769231 0.06009615384615385 0.06490384615384616
1 0.265625 0.5276442307692307 0.05048076923076923 0.055288461538461536
1 0.32211538461538464 0.5228365384615384 0.04326923076923077 0.04567307692307692
1 0.38461538461538464 0.5216346153846154 0.04326923076923077 0.04326923076923077
1 0.44591346153846156 0.5192307692307693 0.04567307692307692 0.038461538461538464
1 0.5120192307692307 0.5192307692307693 0.04807692307692308 0.038461538461538464
1 0.6947115384615384 0.6033653846153846 0.23076923076923078 0.20673076923076922
1 0.8040865384615384 0.5709134615384616 0.16105769230769232 0.14182692307692307
1 0.8978365384615384 0.6742788461538461 0.19951923076923078 0.3485576923076923