0 0.18629807692307693 0.2548076923076923 0.21875 0.20192307692307693
0 0.5048076923076923 0.25721153846153844 0.16346153846153846 0.1971153846153846
1 0.7932692307692307 0.1778846153846154 0.40865384615384615 0.3557692307692308
0 0.5564903846153846 0.4375 0.06009615384615385 0.15865384615384615
0 0.5552884615384616 0.49399038461538464 0.0625 0.27163461538461536
0 0.47716346153846156 0.6778846153846154 0.21875 0.6394230769230769
0 0.16706730769230768 0.578125 0.14182692307692307 0.43990384615384615
0 0.23798076923076922 0.5420673076923077 0.1201923076923077 0.36778846153846156
0 0.6862980769230769 0.6778846153846154 0.19471153846153846 0.6394230769230769
0 0.8449519230769231 0.6923076923076923 0.19471153846153846 0.6105769230769231
0 0.9447115384615384 0.6778846153846154 0.10576923076923077 0.6394230769230769