1 0.21514423076923078 0.27283653846153844 0.23317307692307693 0.5456730769230769
1 0.4050480769230769 0.31009615384615385 0.14182692307692307 0.47115384615384615
1 0.49399038461538464 0.33413461538461536 0.026442307692307692 0.4230769230769231
0 0.6225961538461539 0.27283653846153844 0.22596153846153846 0.5456730769230769
0 0.9110576923076923 0.27283653846153844 0.17307692307692307 0.5456730769230769
1 0.8305288461538461 0.32211538461538464 0.33413461538461536 0.44711538461538464
1 0.22355769230769232 0.7728365384615384 0.16826923076923078 0.4495192307692308
1 0.36658653846153844 0.7728365384615384 0.14182692307692307 0.4495192307692308
1 0.46634615384615385 0.7728365384615384 0.08173076923076923 0.4495192307692308
1 0.5913461538461539 0.9170673076923077 0.11538461538461539 0.16105769230769232
1 0.7235576923076923 0.8798076923076923 0.13942307692307693 0.23557692307692307
1 0.9387019230769231 0.8257211538461539 0.11778846153846154 0.34375