1 0.35096153846153844 0.3137019230769231 0.6923076923076923 0.6274038461538461
0 0.7548076923076923 0.3173076923076923 0.11057692307692307 0.6201923076923077
0 0.8125 0.3269230769230769 0.10576923076923077 0.6009615384615384
0 0.90625 0.3401442307692308 0.10096153846153846 0.5745192307692307
0 0.7451923076923077 0.04326923076923077 0.07692307692307693 0.08653846153846154
0 0.8269230769230769 0.06009615384615385 0.08653846153846154 0.1201923076923077
1 0.1502403846153846 0.7872596153846154 0.19471153846153846 0.31490384615384615
1 0.3629807692307692 0.796875 0.22596153846153846 0.33413461538461536
1 0.5600961538461539 0.8100961538461539 0.17307692307692307 0.3605769230769231
1 0.7536057692307693 0.8137019230769231 0.10817307692307693 0.36778846153846156
1 0.9230769230769231 0.8137019230769231 0.14903846153846154 0.36778846153846156