1 0.15504807692307693 0.27283653846153844 0.31009615384615385 0.5456730769230769
0 0.43028846153846156 0.3389423076923077 0.24519230769230768 0.41346153846153844
0 0.5865384615384616 0.27283653846153844 0.1201923076923077 0.5456730769230769
0 0.49038461538461536 0.11899038461538461 0.10576923076923077 0.23798076923076922
0 0.4014423076923077 0.12139423076923077 0.11538461538461539 0.24278846153846154
0 0.33413461538461536 0.2091346153846154 0.08173076923076923 0.4182692307692308
0 0.24519230769230768 0.1778846153846154 0.07451923076923077 0.3125
0 0.16826923076923078 0.16826923076923078 0.10096153846153846 0.33653846153846156
1 0.8557692307692307 0.27283653846153844 0.28365384615384615 0.5456730769230769
1 0.09014423076923077 0.8149038461538461 0.16105769230769232 0.36538461538461536
1 0.18389423076923078 0.8088942307692307 0.12740384615384615 0.37740384615384615
1 0.28846153846153844 0.8040865384615384 0.14423076923076922 0.3870192307692308
1 0.41225961538461536 0.8052884615384616 0.1466346153846154 0.38461538461538464
1 0.5985576923076923 0.8173076923076923 0.09615384615384616 0.3605769230769231
0 0.5132211538461539 0.8353365384615384 0.11778846153846154 0.3245192307692308
0 0.9603365384615384 0.8533653846153846 0.07451923076923077 0.1778846153846154