1 0.0673076923076923 0.38341346153846156 0.09134615384615384 0.30528846153846156
1 0.17427884615384615 0.4014423076923077 0.11298076923076923 0.2692307692307692
1 0.2776442307692308 0.3762019230769231 0.0985576923076923 0.31971153846153844
1 0.734375 0.3269230769230769 0.24759615384615385 0.4182692307692308
1 0.06850961538461539 0.7680288461538461 0.13701923076923078 0.45913461538461536
1 0.1622596153846154 0.7680288461538461 0.18509615384615385 0.45913461538461536
1 0.24879807692307693 0.7680288461538461 0.15625 0.45913461538461536
1 0.43028846153846156 0.7391826923076923 0.1346153846153846 0.4014423076923077
1 0.6225961538461539 0.7379807692307693 0.14423076923076922 0.39903846153846156
1 0.8245192307692307 0.7355769230769231 0.14423076923076922 0.3942307692307692
1 0.9747596153846154 0.7752403846153846 0.04567307692307692 0.31971153846153844