1 0.1141826923076923 0.1658653846153846 0.2283653846153846 0.3317307692307692
1 0.25841346153846156 0.13701923076923078 0.23798076923076922 0.27403846153846156
1 0.49399038461538464 0.22596153846153846 0.2283653846153846 0.3798076923076923
1 0.6514423076923077 0.20793269230769232 0.1971153846153846 0.41586538461538464
1 0.8557692307692307 0.25 0.25 0.3317307692307692
1 0.24158653846153846 0.7331730769230769 0.27163461538461536 0.5288461538461539
1 0.4362980769230769 0.7019230769230769 0.11298076923076923 0.5625
1 0.5673076923076923 0.7055288461538461 0.14903846153846154 0.5745192307692307
1 0.7043269230769231 0.7055288461538461 0.125 0.5745192307692307
1 0.8353365384615384 0.7079326923076923 0.12740384615384615 0.5793269230769231
1 0.9483173076923077 0.7079326923076923 0.0985576923076923 0.5793269230769231