1 0.4495192307692308 0.30528846153846156 0.4519230769230769 0.46153846153846156
0 0.8810096153846154 0.3173076923076923 0.23317307692307693 0.4375
0 0.16346153846153846 0.7764423076923077 0.15865384615384615 0.4423076923076923
0 0.27163461538461536 0.7860576923076923 0.11057692307692307 0.4230769230769231
0 0.34975961538461536 0.7680288461538461 0.1466346153846154 0.45913461538461536
0 0.43028846153846156 0.7680288461538461 0.11538461538461539 0.45913461538461536
0 0.5420673076923077 0.7680288461538461 0.13221153846153846 0.45913461538461536
0 0.6105769230769231 0.7680288461538461 0.10576923076923077 0.45913461538461536
0 0.17427884615384615 0.5649038461538461 0.0889423076923077 0.052884615384615384
0 0.18509615384615385 0.5625 0.09615384615384616 0.04807692307692308
0 0.31971153846153844 0.5841346153846154 0.125 0.09134615384615384
0 0.42908653846153844 0.5889423076923077 0.12259615384615384 0.10096153846153846
0 0.48197115384615385 0.578125 0.06490384615384616 0.07932692307692307
0 0.5432692307692307 0.5540865384615384 0.07692307692307693 0.03125
0 0.625 0.5709134615384616 0.08653846153846154 0.06490384615384616
0 0.8689903846153846 0.7680288461538461 0.25721153846153844 0.45913461538461536