0 0.359375 0.23197115384615385 0.3293269230769231 0.4639423076923077
1 0.6478365384615384 0.1622596153846154 0.016826923076923076 0.29086538461538464
1 0.6694711538461539 0.15384615384615385 0.039663461538461536 0.29447115384615385
1 0.7067307692307693 0.21394230769230768 0.10576923076923077 0.42788461538461536
1 0.7872596153846154 0.24519230769230768 0.039663461538461536 0.21394230769230768
1 0.8257211538461539 0.13221153846153846 0.04567307692307692 0.2644230769230769
1 0.8786057692307693 0.13701923076923078 0.04567307692307692 0.27403846153846156
1 0.9146634615384616 0.09014423076923077 0.036057692307692304 0.18028846153846154
1 0.9050480769230769 0.19591346153846154 0.08533653846153846 0.29086538461538464
1 0.9495192307692307 0.19230769230769232 0.057692307692307696 0.38461538461538464
1 0.9747596153846154 0.21153846153846154 0.04567307692307692 0.4230769230769231
1 0.1814903846153846 0.6610576923076923 0.3629807692307692 0.24519230769230768
1 0.3473557692307692 0.6730769230769231 0.3004807692307692 0.2692307692307692
1 0.8858173076923077 0.7680288461538461 0.22355769230769232 0.45913461538461536