1 0.109375 0.2127403846153846 0.20432692307692307 0.4254807692307692
1 0.40625 0.2127403846153846 0.18269230769230768 0.4254807692307692
1 0.9266826923076923 0.2127403846153846 0.14182692307692307 0.4254807692307692
0 0.07211538461538461 0.7127403846153846 0.14423076923076922 0.5697115384615384
0 0.3762019230769231 0.7127403846153846 0.24278846153846154 0.5697115384615384
0 0.5240384615384616 0.6045673076923077 0.04807692307692308 0.23798076923076922
0 0.6526442307692307 0.5829326923076923 0.13942307692307693 0.19230769230769232
0 0.7596153846153846 0.6117788461538461 0.078125 0.17067307692307693
0 0.8004807692307693 0.6586538461538461 0.1045673076923077 0.22716346153846154
0 0.8233173076923077 0.8185096153846154 0.18028846153846154 0.3581730769230769
0 0.8641826923076923 0.828125 0.2668269230769231 0.3389423076923077
0 0.5180288461538461 0.6502403846153846 0.036057692307692304 0.27163461538461536