1 0.04927884615384615 0.3581730769230769 0.0985576923076923 0.5961538461538461
1 0.16826923076923078 0.4879807692307692 0.09134615384615384 0.33653846153846156
1 0.27524038461538464 0.5060096153846154 0.11298076923076923 0.3004807692307692
1 0.49038461538461536 0.33653846153846156 0.2548076923076923 0.6394230769230769
1 0.5865384615384616 0.1814903846153846 0.06971153846153846 0.23076923076923078
1 0.6850961538461539 0.375 0.27403846153846156 0.5625
1 0.7632211538461539 0.3088942307692308 0.10336538461538461 0.6177884615384616
1 0.9555288461538461 0.3713942307692308 0.08413461538461539 0.5697115384615384
0 0.7980769230769231 0.5420673076923077 0.057692307692307696 0.1141826923076923
1 0.5528846153846154 0.828125 0.25961538461538464 0.3389423076923077
1 0.9326923076923077 0.828125 0.12980769230769232 0.3389423076923077