0 0.14423076923076922 0.3088942307692308 0.28846153846153844 0.15625
0 0.9266826923076923 0.1935096153846154 0.14182692307692307 0.3870192307692308
0 0.5072115384615384 0.2692307692307692 0.07692307692307693 0.23557692307692307
0 0.5985576923076923 0.2439903846153846 0.08413461538461539 0.27884615384615385
0 0.6790865384615384 0.2776442307692308 0.078125 0.17427884615384615
0 0.7355769230769231 0.33533653846153844 0.1875 0.10336538461538461
0 0.8737980769230769 0.2644230769230769 0.08413461538461539 0.24519230769230768
0 0.7524038461538461 0.18629807692307693 0.1201923076923077 0.2608173076923077
0 0.8617788461538461 0.13822115384615385 0.039663461538461536 0.056490384615384616
0 0.23317307692307693 0.6346153846153846 0.15625 0.23677884615384615
0 0.29447115384615385 0.6454326923076923 0.11057692307692307 0.31009615384615385
0 0.7211538461538461 0.7463942307692307 0.3894230769230769 0.5024038461538461