0 0.14302884615384615 0.22355769230769232 0.2860576923076923 0.44711538461538464
0 0.8185096153846154 0.22355769230769232 0.3581730769230769 0.44711538461538464
0 0.3088942307692308 0.2091346153846154 0.040865384615384616 0.3269230769230769
0 0.38221153846153844 0.13942307692307693 0.08653846153846154 0.27884615384615385
0 0.46274038461538464 0.171875 0.078125 0.17427884615384615
0 0.38221153846153844 0.3485576923076923 0.1875 0.1971153846153846
0 0.5192307692307693 0.3125 0.1875 0.2692307692307692
0 0.6574519230769231 0.24158653846153846 0.08413461538461539 0.4110576923076923
0 0.5372596153846154 0.10576923076923077 0.12259615384615384 0.21153846153846154
0 0.6454326923076923 0.03245192307692308 0.039663461538461536 0.056490384615384616
0 0.6117788461538461 0.7235576923076923 0.5360576923076923 0.5480769230769231