0 0.44591346153846156 0.328125 0.16105769230769232 0.65625
0 0.027644230769230768 0.3629807692307692 0.055288461538461536 0.3269230769230769
0 0.10817307692307693 0.2920673076923077 0.08413461538461539 0.27884615384615385
0 0.18870192307692307 0.32572115384615385 0.078125 0.17427884615384615
0 0.10096153846153846 0.5300480769230769 0.20192307692307693 0.25240384615384615
0 0.24519230769230768 0.47716346153846156 0.18629807692307693 0.29086538461538464
0 0.38341346153846156 0.4182692307692308 0.08052884615384616 0.453125
0 0.2620192307692308 0.234375 0.1201923076923077 0.2608173076923077
0 0.3713942307692308 0.18629807692307693 0.039663461538461536 0.056490384615384616
1 0.6911057692307693 0.28725961538461536 0.19471153846153846 0.5745192307692307
1 0.8810096153846154 0.31850961538461536 0.23317307692307693 0.6370192307692307
1 0.4266826923076923 0.828125 0.1466346153846154 0.3389423076923077
0 0.8798076923076923 0.7860576923076923 0.23557692307692307 0.2548076923076923