1 0.1346153846153846 0.19591346153846154 0.19230769230769232 0.38221153846153844
1 0.34134615384615385 0.1935096153846154 0.20192307692307693 0.3870192307692308
1 0.4987980769230769 0.1935096153846154 0.15144230769230768 0.3870192307692308
1 0.016826923076923076 0.5637019230769231 0.03365384615384615 0.3485576923076923
1 0.09254807692307693 0.5432692307692307 0.0889423076923077 0.3076923076923077
1 0.2247596153846154 0.5673076923076923 0.07451923076923077 0.3557692307692308
1 0.29927884615384615 0.5637019230769231 0.07451923076923077 0.3485576923076923
1 0.4098557692307692 0.5625 0.10817307692307693 0.34615384615384615
1 0.5793269230769231 0.5853365384615384 0.11538461538461539 0.3918269230769231
1 0.8185096153846154 0.6935096153846154 0.3581730769230769 0.6081730769230769
1 0.8605769230769231 0.6935096153846154 0.27403846153846156 0.6081730769230769