0 0.16346153846153846 0.16826923076923078 0.3125 0.33653846153846156
0 0.5504807692307693 0.06370192307692307 0.052884615384615384 0.12740384615384615
0 0.02403846153846154 0.08533653846153846 0.04807692307692308 0.17067307692307693
0 0.8521634615384616 0.21033653846153846 0.29086538461538464 0.25240384615384615
0 0.4675480769230769 0.8088942307692307 0.078125 0.2800480769230769
0 0.5444711538461539 0.7295673076923077 0.06490384615384616 0.38221153846153844
0 0.4495192307692308 0.6382211538461539 0.10216346153846154 0.15745192307692307
0 0.46153846153846156 0.7283653846153846 0.08173076923076923 0.3701923076923077
0 0.5168269230769231 0.7007211538461539 0.06370192307692307 0.3894230769230769
0 0.3449519230769231 0.7163461538461539 0.11177884615384616 0.4483173076923077
0 0.7884615384615384 0.6814903846153846 0.4182692307692308 0.6322115384615384