0 0.0985576923076923 0.2980769230769231 0.1971153846153846 0.5961538461538461
0 0.2403846153846154 0.2980769230769231 0.16826923076923078 0.5961538461538461
0 0.39783653846153844 0.2980769230769231 0.19471153846153846 0.5961538461538461
0 0.5757211538461539 0.2980769230769231 0.21394230769230768 0.5961538461538461
0 0.640625 0.2980769230769231 0.13221153846153846 0.5961538461538461
0 0.8137019230769231 0.2848557692307692 0.17548076923076922 0.5697115384615384
0 0.8545673076923077 0.2980769230769231 0.2860576923076923 0.5961538461538461
0 0.39663461538461536 0.9326923076923077 0.18269230769230768 0.12980769230769232
0 0.5817307692307693 0.9483173076923077 0.09134615384615384 0.0985576923076923
1 0.16947115384615385 0.7980769230769231 0.31009615384615385 0.39903846153846156
1 0.6213942307692307 0.7980769230769231 0.17067307692307693 0.39903846153846156
1 0.9026442307692307 0.6802884615384616 0.18990384615384615 0.16346153846153846