1 0.2403846153846154 0.23918269230769232 0.25 0.47836538461538464
1 0.4795673076923077 0.33533653846153844 0.18028846153846154 0.43990384615384615
1 0.6646634615384616 0.34975961538461536 0.13221153846153846 0.4110576923076923
1 0.8040865384615384 0.32572115384615385 0.1466346153846154 0.45913461538461536
1 0.9338942307692307 0.34615384615384615 0.12740384615384615 0.4182692307692308
1 0.4230769230769231 0.765625 0.11057692307692307 0.41586538461538464
1 0.5456730769230769 0.7776442307692307 0.27403846153846156 0.43990384615384615
1 0.8245192307692307 0.6646634615384616 0.10096153846153846 0.21394230769230768
1 0.8293269230769231 0.7944711538461539 0.20192307692307693 0.40625
1 0.9543269230769231 0.7776442307692307 0.08653846153846154 0.43990384615384615
1 0.9555288461538461 0.7692307692307693 0.08413461538461539 0.4230769230769231
0 0.6598557692307693 0.6033653846153846 0.06009615384615385 0.09134615384615384