1 0.10576923076923077 0.2536057692307692 0.21153846153846154 0.5072115384615384
1 0.43509615384615385 0.21995192307692307 0.08173076923076923 0.43990384615384615
0 0.3161057692307692 0.2127403846153846 0.31971153846153844 0.4254807692307692
1 0.5528846153846154 0.2536057692307692 0.14903846153846154 0.5072115384615384
1 0.6442307692307693 0.2536057692307692 0.125 0.5072115384615384
1 0.6814903846153846 0.34975961538461536 0.18028846153846154 0.31490384615384615
1 0.8137019230769231 0.2536057692307692 0.06009615384615385 0.5072115384615384
1 0.8533653846153846 0.021634615384615384 0.028846153846153848 0.04326923076923077
1 0.8701923076923077 0.2536057692307692 0.1201923076923077 0.5072115384615384
1 0.9543269230769231 0.2536057692307692 0.08653846153846154 0.5072115384615384
0 0.24879807692307693 0.7536057692307693 0.27163461538461536 0.4879807692307692
0 0.6802884615384616 0.7536057692307693 0.40384615384615385 0.4879807692307692