0 0.18870192307692307 0.18870192307692307 0.31490384615384615 0.37740384615384615
1 0.8954326923076923 0.2127403846153846 0.20432692307692307 0.3293269230769231
1 0.24759615384615385 0.6682692307692307 0.19230769230769232 0.5769230769230769
1 0.41466346153846156 0.6887019230769231 0.13221153846153846 0.6177884615384616
1 0.4495192307692308 0.4891826923076923 0.07211538461538461 0.21875
1 0.5480769230769231 0.6959134615384616 0.27403846153846156 0.6033653846153846
1 0.6262019230769231 0.6490384615384616 0.10336538461538461 0.5384615384615384
1 0.8269230769230769 0.6923076923076923 0.10096153846153846 0.6105769230769231
1 0.8317307692307693 0.9206730769230769 0.20192307692307693 0.15384615384615385
1 0.9555288461538461 0.7992788461538461 0.08413461538461539 0.39663461538461536
1 0.9567307692307693 0.8221153846153846 0.08173076923076923 0.35096153846153844
0 0.6610576923076923 0.8425480769230769 0.057692307692307696 0.1141826923076923