1 0.24879807692307693 0.2920673076923077 0.49759615384615385 0.46875
1 0.6730769230769231 0.2536057692307692 0.22115384615384615 0.5072115384615384
0 0.9555288461538461 0.19471153846153846 0.08413461538461539 0.2283653846153846
0 0.9891826923076923 0.1045673076923077 0.016826923076923076 0.06490384615384616
0 0.828125 0.1971153846153846 0.13822115384615385 0.2247596153846154
0 0.8269230769230769 0.10817307692307693 0.06129807692307692 0.10336538461538461
0 0.734375 0.12259615384615384 0.05048076923076923 0.11298076923076923
0 0.7692307692307693 0.125 0.020432692307692308 0.09254807692307693
0 0.7211538461538461 0.06490384615384616 0.027644230769230768 0.06490384615384616
1 0.07932692307692307 0.7632211538461539 0.15865384615384615 0.46875
1 0.17668269230769232 0.640625 0.046875 0.203125
1 0.20793269230769232 0.6454326923076923 0.04927884615384615 0.23076923076923078
1 0.26322115384615385 0.6538461538461539 0.05048076923076923 0.25
1 0.3870192307692308 0.6778846153846154 0.09134615384615384 0.2980769230769231
1 0.7487980769230769 0.7632211538461539 0.49759615384615385 0.46875