0 0.021634615384615384 0.34975961538461536 0.04326923076923077 0.53125
0 0.06971153846153846 0.32572115384615385 0.13942307692307693 0.5793269230769231
0 0.1466346153846154 0.31490384615384615 0.11538461538461539 0.6009615384615384
0 0.25841346153846156 0.3076923076923077 0.13221153846153846 0.6153846153846154
0 0.3269230769230769 0.3173076923076923 0.10576923076923077 0.5961538461538461
0 0.4206730769230769 0.33052884615384615 0.10096153846153846 0.5697115384615384
0 0.04927884615384615 0.06971153846153846 0.0985576923076923 0.13942307692307693
0 0.14543269230769232 0.07451923076923077 0.12259615384615384 0.14903846153846154
0 0.19831730769230768 0.06370192307692307 0.06490384615384616 0.12740384615384615
0 0.25961538461538464 0.039663461538461536 0.07692307692307693 0.07932692307692307
0 0.34134615384615385 0.056490384615384616 0.08653846153846154 0.11298076923076923
0 0.8629807692307693 0.3762019230769231 0.2692307692307692 0.47836538461538464
0 0.3016826923076923 0.8076923076923077 0.3485576923076923 0.3798076923076923
0 0.6514423076923077 0.8076923076923077 0.1346153846153846 0.3798076923076923