1 0.20793269230769232 0.18269230769230768 0.41586538461538464 0.36538461538461536
1 0.7403846153846154 0.16947115384615385 0.22115384615384615 0.3389423076923077
1 0.8137019230769231 0.18269230769230768 0.36778846153846156 0.36538461538461536
1 0.9507211538461539 0.18269230769230768 0.09375 0.36538461538461536
1 0.056490384615384616 0.7247596153846154 0.10576923076923077 0.546875
1 0.18509615384615385 0.6045673076923077 0.18269230769230768 0.4735576923076923
1 0.328125 0.5324519230769231 0.21875 0.3293269230769231
1 0.46274038461538464 0.6165865384615384 0.12259615384615384 0.49759615384615385
1 0.5769230769230769 0.7175480769230769 0.10096153846153846 0.5600961538461539
0 0.7139423076923077 0.7716346153846154 0.16826923076923078 0.4519230769230769
0 0.9290865384615384 0.6358173076923077 0.13701923076923078 0.38221153846153844