0 0.19951923076923078 0.32572115384615385 0.20192307692307693 0.4014423076923077
0 0.4182692307692308 0.35336538461538464 0.20673076923076922 0.34615384615384615
0 0.9483173076923077 0.26322115384615385 0.0985576923076923 0.5264423076923077
0 0.5637019230769231 0.3605769230769231 0.05048076923076923 0.3269230769230769
0 0.6418269230769231 0.28966346153846156 0.08413461538461539 0.27884615384615385
0 0.7223557692307693 0.3233173076923077 0.078125 0.17427884615384615
0 0.6370192307692307 0.4639423076923077 0.1971153846153846 0.125
0 0.7788461538461539 0.42788461538461536 0.1875 0.1971153846153846
0 0.9170673076923077 0.35697115384615385 0.08413461538461539 0.3389423076923077
0 0.7956730769230769 0.23197115384615385 0.1201923076923077 0.2608173076923077
0 0.9050480769230769 0.18389423076923078 0.039663461538461536 0.056490384615384616
0 0.26802884615384615 0.7632211538461539 0.5360576923076923 0.46875
0 0.4735576923076923 0.7704326923076923 0.125 0.4543269230769231
0 0.7427884615384616 0.7632211538461539 0.40865384615384615 0.46875