1 0.11778846153846154 0.31850961538461536 0.23557692307692307 0.6370192307692307
1 0.37740384615384615 0.31850961538461536 0.3173076923076923 0.6370192307692307
1 0.5973557692307693 0.07091346153846154 0.06971153846153846 0.14182692307692307
1 0.7223557692307693 0.04326923076923077 0.06490384615384616 0.08653846153846154
1 0.8197115384615384 0.03485576923076923 0.08653846153846154 0.06971153846153846
1 0.65625 0.38221153846153844 0.23557692307692307 0.5096153846153846
1 0.015625 0.8317307692307693 0.03125 0.13942307692307693
1 0.11057692307692307 0.7764423076923077 0.0673076923076923 0.15384615384615385
1 0.21394230769230768 0.7223557692307693 0.07211538461538461 0.1658653846153846
1 0.30649038461538464 0.7055288461538461 0.06971153846153846 0.13221153846153846
1 0.43149038461538464 0.6778846153846154 0.06490384615384616 0.07692307692307693
1 0.5108173076923077 0.6694711538461539 0.05048076923076923 0.06009615384615385
1 0.33653846153846156 0.8774038461538461 0.2932692307692308 0.2403846153846154
0 0.7355769230769231 0.8497596153846154 0.3942307692307692 0.2956730769230769