0 0.28846153846153844 0.23798076923076922 0.21394230769230768 0.46875
0 0.15384615384615385 0.3088942307692308 0.13341346153846154 0.546875
0 0.06009615384615385 0.28966346153846156 0.1201923076923077 0.45913461538461536
1 0.7716346153846154 0.37740384615384615 0.2692307692307692 0.5384615384615384
1 0.9639423076923077 0.23076923076923078 0.0673076923076923 0.15384615384615385
0 0.5625 0.4891826923076923 0.24519230769230768 0.31490384615384615
0 0.9338942307692307 0.4879807692307692 0.12740384615384615 0.3173076923076923
0 0.8798076923076923 0.30288461538461536 0.054086538461538464 0.18990384615384615
0 0.9639423076923077 0.265625 0.04447115384615385 0.140625
0 0.9230769230769231 0.2764423076923077 0.040865384615384616 0.11899038461538461
1 0.3137019230769231 0.8233173076923077 0.18509615384615385 0.3485576923076923
0 0.5264423076923077 0.7992788461538461 0.23557692307692307 0.3004807692307692