1 0.06009615384615385 0.28846153846153844 0.1201923076923077 0.5769230769230769
1 0.24759615384615385 0.28846153846153844 0.4951923076923077 0.5769230769230769
0 0.6610576923076923 0.2127403846153846 0.09375 0.23677884615384615
0 0.8137019230769231 0.19110576923076922 0.13942307692307693 0.19230769230769232
0 0.9206730769230769 0.21995192307692307 0.078125 0.17067307692307693
0 0.953125 0.2668269230769231 0.0889423076923077 0.23076923076923078
0 0.9459134615384616 0.41225961538461536 0.10336538461538461 0.3293269230769231
0 0.9447115384615384 0.421875 0.10576923076923077 0.31009615384615385
0 0.6334134615384616 0.25841346153846156 0.12740384615384615 0.27163461538461536
0 0.5901442307692307 0.29086538461538464 0.040865384615384616 0.3076923076923077
0 0.13581730769230768 0.7884615384615384 0.21875 0.4182692307692308
1 0.8389423076923077 0.7884615384615384 0.1875 0.4182692307692308
1 0.9266826923076923 0.7884615384615384 0.14182692307692307 0.4182692307692308