0 0.17427884615384615 0.15144230769230768 0.3485576923076923 0.28846153846153844
0 0.9134615384615384 0.14783653846153846 0.16826923076923078 0.2956730769230769
0 0.6646634615384616 0.06129807692307692 0.2860576923076923 0.12259615384615384
0 0.20552884615384615 0.8257211538461539 0.12740384615384615 0.34375
0 0.037259615384615384 0.7716346153846154 0.051682692307692304 0.234375
0 0.6983173076923077 0.7728365384615384 0.078125 0.2800480769230769
0 0.7896634615384616 0.6935096153846154 0.09254807692307693 0.3786057692307692
0 0.6802884615384616 0.6021634615384616 0.10216346153846154 0.15745192307692307
0 0.6923076923076923 0.6923076923076923 0.08173076923076923 0.3701923076923077
0 0.7475961538461539 0.6646634615384616 0.06370192307692307 0.3894230769230769
0 0.5757211538461539 0.6802884615384616 0.11177884615384616 0.4483173076923077