0 0.20432692307692307 0.30408653846153844 0.34615384615384615 0.6033653846153846
0 0.3449519230769231 0.2548076923076923 0.30528846153846156 0.5096153846153846
1 0.6983173076923077 0.30288461538461536 0.37740384615384615 0.6057692307692307
1 0.051682692307692304 0.8028846153846154 0.10336538461538461 0.3894230769230769
1 0.1466346153846154 0.8028846153846154 0.25961538461538464 0.3894230769230769
1 0.21514423076923078 0.7331730769230769 0.12740384615384615 0.25
1 0.3581730769230769 0.8052884615384616 0.2403846153846154 0.38461538461538464
1 0.546875 0.8028846153846154 0.07451923076923077 0.3894230769230769
1 0.6262019230769231 0.7932692307692307 0.10817307692307693 0.3701923076923077
1 0.7295673076923077 0.7668269230769231 0.12259615384615384 0.3173076923076923
1 0.8665865384615384 0.8028846153846154 0.20432692307692307 0.3894230769230769