1 0.039663461538461536 0.2536057692307692 0.06009615384615385 0.5072115384615384
1 0.07932692307692307 0.040865384615384616 0.028846153846153848 0.08173076923076923
1 0.09615384615384616 0.2536057692307692 0.1201923076923077 0.5072115384615384
1 0.19951923076923078 0.2536057692307692 0.125 0.5072115384615384
1 0.33653846153846156 0.27524038461538464 0.125 0.4639423076923077
1 0.3942307692307692 0.2536057692307692 0.10096153846153846 0.5072115384615384
1 0.484375 0.2536057692307692 0.11298076923076923 0.5072115384615384
1 0.578125 0.27283653846153844 0.055288461538461536 0.46875
0 0.8016826923076923 0.2536057692307692 0.3870192307692308 0.5072115384615384
1 0.046875 0.7536057692307693 0.09375 0.4879807692307692
1 0.1658653846153846 0.7475961538461539 0.15865384615384615 0.47596153846153844
1 0.3485576923076923 0.7536057692307693 0.1875 0.4879807692307692
0 0.8461538461538461 0.8774038461538461 0.30288461538461536 0.2403846153846154