1 0.027644230769230768 0.19831730769230768 0.055288461538461536 0.39663461538461536
1 0.10576923076923077 0.16346153846153846 0.12980769230769232 0.3269230769230769
1 0.29447115384615385 0.17307692307692307 0.1466346153846154 0.34615384615384615
1 0.42908653846153844 0.15384615384615385 0.12740384615384615 0.3076923076923077
1 0.9290865384615384 0.3545673076923077 0.13701923076923078 0.44471153846153844
1 0.24759615384615385 0.7884615384615384 0.22115384615384615 0.4182692307692308
0 0.5697115384615384 0.9867788461538461 0.028846153846153848 0.021634615384615384
0 0.4014423076923077 0.9783653846153846 0.0625 0.038461538461538464
0 0.31009615384615385 0.9831730769230769 0.052884615384615384 0.028846153846153848
0 0.34375 0.9891826923076923 0.02403846153846154 0.016826923076923076
0 0.2956730769230769 0.9663461538461539 0.028846153846153848 0.0625