1 0.08173076923076923 0.125 0.0673076923076923 0.15384615384615385
1 0.18509615384615385 0.07692307692307693 0.07211538461538461 0.15384615384615385
1 0.2776442307692308 0.06009615384615385 0.06971153846153846 0.1201923076923077
1 0.4026442307692308 0.03245192307692308 0.06490384615384616 0.06490384615384616
1 0.5 0.02403846153846154 0.08653846153846154 0.04807692307692308
1 0.3076923076923077 0.32572115384615385 0.2932692307692308 0.43990384615384615
1 0.6105769230769231 0.28725961538461536 0.10576923076923077 0.5168269230769231
1 0.6850961538461539 0.22235576923076922 0.18269230769230768 0.44471153846153844
1 0.796875 0.3004807692307692 0.24278846153846154 0.49038461538461536
1 0.875 0.1622596153846154 0.15384615384615385 0.3245192307692308
1 0.09375 0.6286057692307693 0.07692307692307693 0.16105769230769232
1 0.17067307692307693 0.6117788461538461 0.057692307692307696 0.12740384615384615
1 0.24759615384615385 0.5913461538461539 0.11538461538461539 0.08653846153846154
0 0.3870192307692308 0.9002403846153846 0.10576923076923077 0.19471153846153846
0 0.15504807692307693 0.9122596153846154 0.02403846153846154 0.14783653846153846
1 0.8485576923076923 0.7728365384615384 0.2980769230769231 0.4495192307692308