0 0.39783653846153844 0.13942307692307693 0.11778846153846154 0.17307692307692307
0 0.421875 0.16105769230769232 0.06610576923076923 0.11177884615384616
0 0.2608173076923077 0.1502403846153846 0.09975961538461539 0.15985576923076922
0 0.1201923076923077 0.2091346153846154 0.15384615384615385 0.3557692307692308
0 0.7403846153846154 0.2692307692307692 0.3173076923076923 0.23557692307692307
0 0.0985576923076923 0.6935096153846154 0.1971153846153846 0.6081730769230769
0 0.4338942307692308 0.6995192307692307 0.04567307692307692 0.5865384615384616
0 0.5252403846153846 0.8209134615384616 0.13221153846153846 0.35336538461538464
0 0.5697115384615384 0.7752403846153846 0.1201923076923077 0.24519230769230768
0 0.9435096153846154 0.8245192307692307 0.10817307692307693 0.34615384615384615
0 0.8954326923076923 0.8076923076923077 0.10216346153846154 0.15264423076923078