1 0.3161057692307692 0.09254807692307693 0.020432692307692308 0.054086538461538464
1 0.3786057692307692 0.4951923076923077 0.016826923076923076 0.10216346153846154
1 0.39302884615384615 0.4579326923076923 0.026442307692307692 0.15384615384615385
1 0.4110576923076923 0.43990384615384615 0.026442307692307692 0.203125
1 0.45072115384615385 0.3473557692307692 0.051682692307692304 0.359375
1 0.5420673076923077 0.2536057692307692 0.07451923076923077 0.5072115384615384
1 0.6057692307692307 0.1778846153846154 0.014423076923076924 0.28365384615384615
1 0.6778846153846154 0.24759615384615385 0.10336538461538461 0.3858173076923077
1 0.7764423076923077 0.23076923076923078 0.038461538461538464 0.18028846153846154
1 0.8293269230769231 0.3545673076923077 0.09014423076923077 0.46153846153846156
1 0.9711538461538461 0.35697115384615385 0.052884615384615384 0.37740384615384615
1 0.21394230769230768 0.8533653846153846 0.19230769230769232 0.28846153846153844
1 0.41586538461538464 0.8533653846153846 0.27403846153846156 0.28846153846153844
1 0.8894230769230769 0.8533653846153846 0.21634615384615385 0.28846153846153844