1 0.15865384615384615 0.2283653846153846 0.21634615384615385 0.4375
1 0.4014423076923077 0.22355769230769232 0.2644230769230769 0.44711538461538464
0 0.02283653846153846 0.6826923076923077 0.04567307692307692 0.3269230769230769
0 0.0985576923076923 0.6117788461538461 0.08413461538461539 0.27884615384615385
0 0.17908653846153846 0.6454326923076923 0.078125 0.17427884615384615
0 0.09615384615384616 0.8605769230769231 0.19230769230769232 0.27403846153846156
0 0.20432692307692307 0.7980769230769231 0.125 0.2932692307692308
0 0.22956730769230768 0.5673076923076923 0.07451923076923077 0.23557692307692307
0 0.9122596153846154 0.7560096153846154 0.17067307692307693 0.4831730769230769
0 0.7884615384615384 0.7319711538461539 0.17307692307692307 0.53125
0 0.6346153846153846 0.7367788461538461 0.15144230769230768 0.4182692307692308
0 0.47596153846153844 0.7439903846153846 0.20192307692307693 0.4879807692307692
0 0.7848557692307693 0.9314903846153846 0.38221153846153844 0.13221153846153846
0 0.7091346153846154 0.5288461538461539 0.0625 0.15865384615384615