1 0.17908653846153846 0.24879807692307693 0.31009615384615385 0.49759615384615385
1 0.5072115384615384 0.24879807692307693 0.16826923076923078 0.49759615384615385
1 0.6502403846153846 0.2536057692307692 0.14182692307692307 0.4879807692307692
1 0.7632211538461539 0.25 0.10817307692307693 0.4951923076923077
1 0.8665865384615384 0.25 0.12259615384615384 0.4951923076923077
1 0.9495192307692307 0.24879807692307693 0.09615384615384616 0.49759615384615385
1 0.040865384615384616 0.7487980769230769 0.08173076923076923 0.49759615384615385
1 0.1045673076923077 0.7487980769230769 0.12740384615384615 0.49759615384615385
1 0.2620192307692308 0.7487980769230769 0.125 0.49759615384615385
1 0.33533653846153844 0.6622596153846154 0.06009615384615385 0.3245192307692308
1 0.5420673076923077 0.7487980769230769 0.31009615384615385 0.49759615384615385