0 0.13581730769230768 0.23918269230769232 0.2620192307692308 0.2956730769230769
0 0.7235576923076923 0.22716346153846154 0.16826923076923078 0.31971153846153844
0 0.8353365384615384 0.24278846153846154 0.31009615384615385 0.28846153846153844
0 0.8185096153846154 0.18870192307692307 0.3581730769230769 0.37740384615384615
0 0.59375 0.6935096153846154 0.08653846153846154 0.6081730769230769
0 0.04927884615384615 0.6983173076923077 0.0985576923076923 0.5600961538461539
0 0.2283653846153846 0.5288461538461539 0.15865384615384615 0.27884615384615385
0 0.5336538461538461 0.4254807692307692 0.07692307692307693 0.07211538461538461
0 0.14903846153846154 0.7211538461538461 0.24519230769230768 0.5528846153846154
0 0.4735576923076923 0.6935096153846154 0.20192307692307693 0.6081730769230769
0 0.8088942307692307 0.6105769230769231 0.19591346153846154 0.31971153846153844
0 0.9459134615384616 0.7668269230769231 0.10336538461538461 0.46153846153846156