0 0.5252403846153846 0.25841346153846156 0.11298076923076923 0.23798076923076922
0 0.6105769230769231 0.26802884615384615 0.11057692307692307 0.21875
0 0.6887019230769231 0.2439903846153846 0.1466346153846154 0.2668269230769231
0 0.7692307692307693 0.23317307692307693 0.11538461538461539 0.28846153846153844
0 0.8810096153846154 0.22596153846153846 0.13221153846153846 0.30288461538461536
0 0.9471153846153846 0.23557692307692307 0.10096153846153846 0.28365384615384615
0 0.5132211538461539 0.08774038461538461 0.0889423076923077 0.17548076923076922
0 0.5240384615384616 0.09735576923076923 0.09375 0.14182692307692307
0 0.5853365384615384 0.07692307692307693 0.07932692307692307 0.15384615384615385
0 0.6586538461538461 0.10697115384615384 0.125 0.21394230769230768
0 0.7680288461538461 0.11177884615384616 0.12259615384615384 0.22355769230769232
0 0.8197115384615384 0.10336538461538461 0.0625 0.19230769230769232
0 0.8822115384615384 0.08052884615384616 0.07572115384615384 0.14182692307692307
0 0.9591346153846154 0.09375 0.07692307692307693 0.1875
1 0.23317307692307693 0.6887019230769231 0.46634615384615385 0.6177884615384616
1 0.6802884615384616 0.6887019230769231 0.3701923076923077 0.6177884615384616