1 0.042067307692307696 0.17307692307692307 0.08413461538461539 0.34615384615384615
1 0.10336538461538461 0.17307692307692307 0.17307692307692307 0.34615384615384615
1 0.18269230769230768 0.17307692307692307 0.08173076923076923 0.34615384615384615
1 0.234375 0.17307692307692307 0.10336538461538461 0.34615384615384615
1 0.33653846153846156 0.17307692307692307 0.19230769230769232 0.34615384615384615
1 0.42788461538461536 0.17307692307692307 0.07211538461538461 0.34615384615384615
1 0.43149038461538464 0.17307692307692307 0.06971153846153846 0.34615384615384615
0 0.6526442307692307 0.234375 0.36778846153846156 0.22355769230769232
0 0.8617788461538461 0.19831730769230768 0.27163461538461536 0.2956730769230769
1 0.38221153846153844 0.6730769230769231 0.16826923076923078 0.6490384615384616
0 0.9014423076923077 0.5336538461538461 0.1778846153846154 0.3701923076923077