1 0.11057692307692307 0.11298076923076923 0.22115384615384615 0.22596153846153846
1 0.3233173076923077 0.11298076923076923 0.2956730769230769 0.22596153846153846
1 0.6550480769230769 0.13341346153846154 0.15144230769230768 0.18509615384615385
1 0.8846153846153846 0.14423076923076922 0.22596153846153846 0.16346153846153846
1 0.2776442307692308 0.6225961538461539 0.2860576923076923 0.75
0 0.5276442307692307 0.9362980769230769 0.05048076923076923 0.12259615384615384
0 0.5600961538461539 0.9447115384615384 0.03365384615384615 0.10576923076923077
0 0.37740384615384615 0.9459134615384616 0.03125 0.036057692307692304
1 0.7427884615384616 0.6394230769230769 0.11538461538461539 0.7163461538461539
1 0.8197115384615384 0.6225961538461539 0.09134615384615384 0.75
1 0.9158653846153846 0.6129807692307693 0.12980769230769232 0.7692307692307693
1 0.9819711538461539 0.6177884615384616 0.03125 0.7596153846153846