1 0.0625 0.24879807692307693 0.125 0.21394230769230768
1 0.25600961538461536 0.234375 0.20432692307692307 0.24278846153846154
1 0.4423076923076923 0.1778846153846154 0.125 0.3557692307692308
1 0.7475961538461539 0.1778846153846154 0.1971153846153846 0.3557692307692308
1 0.9411057692307693 0.17908653846153846 0.11298076923076923 0.35336538461538464
1 0.2764423076923077 0.6646634615384616 0.20192307692307693 0.6129807692307693
1 0.8052884615384616 0.6298076923076923 0.2692307692307692 0.5432692307692307
1 0.9807692307692307 0.4423076923076923 0.03365384615384615 0.15384615384615385
0 0.5961538461538461 0.7704326923076923 0.24519230769230768 0.4543269230769231
0 0.9507211538461539 0.7692307692307693 0.09375 0.4567307692307692
0 0.9134615384615384 0.5144230769230769 0.054086538461538464 0.18990384615384615
0 0.9855769230769231 0.47716346153846156 0.02403846153846154 0.14182692307692307
0 0.9567307692307693 0.4879807692307692 0.040865384615384616 0.11899038461538461