0 0.38100961538461536 0.12860576923076922 0.04447115384615385 0.16947115384615385
0 0.7259615384615384 0.3317307692307692 0.375 0.12980769230769232
0 0.453125 0.6418269230769231 0.1658653846153846 0.4855769230769231
0 0.4026442307692308 0.4423076923076923 0.13701923076923078 0.08653846153846154
0 0.26802884615384615 0.5637019230769231 0.18990384615384615 0.3293269230769231
0 0.12259615384615384 0.5252403846153846 0.24519230769230768 0.25240384615384615
0 0.07211538461538461 0.5048076923076923 0.14423076923076922 0.21153846153846154
0 0.6478365384615384 0.7403846153846154 0.21875 0.5144230769230769
0 0.7956730769230769 0.7379807692307693 0.3076923076923077 0.453125
0 0.734375 0.96875 0.18990384615384615 0.057692307692307696
0 0.8653846153846154 0.828125 0.2644230769230769 0.3389423076923077