0 0.3581730769230769 0.0889423076923077 0.4182692307692308 0.1778846153846154
1 0.6105769230769231 0.3076923076923077 0.08173076923076923 0.27884615384615385
1 0.7043269230769231 0.29927884615384615 0.1971153846153846 0.2956730769230769
1 0.8545673076923077 0.28725961538461536 0.18990384615384615 0.31971153846153844
1 0.9314903846153846 0.21394230769230768 0.13221153846153846 0.42788461538461536
1 0.08774038461538461 0.6694711538461539 0.17548076923076922 0.43990384615384615
1 0.21514423076923078 0.6742788461538461 0.17067307692307693 0.4495192307692308
1 0.3557692307692308 0.6742788461538461 0.21153846153846154 0.4495192307692308
1 0.49278846153846156 0.6826923076923077 0.14903846153846154 0.46634615384615385
1 0.6983173076923077 0.7235576923076923 0.2091346153846154 0.5480769230769231
1 0.8257211538461539 0.7235576923076923 0.15144230769230768 0.5480769230769231
1 0.9158653846153846 0.7235576923076923 0.16346153846153846 0.5480769230769231
1 0.9783653846153846 0.7295673076923077 0.038461538461538464 0.5360576923076923