0 0.3401442307692308 0.4206730769230769 0.33413461538461536 0.3701923076923077
0 0.15745192307692307 0.36177884615384615 0.31490384615384615 0.4879807692307692
0 0.8629807692307693 0.34134615384615385 0.2403846153846154 0.2956730769230769
0 0.22596153846153846 0.8028846153846154 0.30288461538461536 0.3894230769230769
0 0.19591346153846154 0.8028846153846154 0.3918269230769231 0.3894230769230769
0 0.921875 0.8028846153846154 0.15144230769230768 0.3894230769230769
0 0.5228365384615384 0.7764423076923077 0.026442307692307692 0.3269230769230769
0 0.5889423076923077 0.7271634615384616 0.08653846153846154 0.23798076923076922
0 0.6694711538461539 0.7391826923076923 0.078125 0.17427884615384615
0 0.5961538461538461 0.9074519230769231 0.17307692307692307 0.18028846153846154
0 0.7259615384615384 0.8713942307692307 0.1875 0.25240384615384615
0 0.8641826923076923 0.8028846153846154 0.08413461538461539 0.3894230769230769
0 0.7439903846153846 0.6935096153846154 0.12259615384615384 0.17067307692307693
0 0.8521634615384616 0.6189903846153846 0.040865384615384616 0.021634615384615384