0 0.36658653846153844 0.3112980769230769 0.19951923076923078 0.4879807692307692
0 0.2283653846153846 0.28725961538461536 0.17307692307692307 0.5360576923076923
0 0.07572115384615384 0.28966346153846156 0.15144230769230768 0.4206730769230769
0 0.2247596153846154 0.48677884615384615 0.38221153846153844 0.13701923076923078
0 0.14903846153846154 0.08052884615384616 0.0625 0.16105769230769232
0 0.7920673076923077 0.36778846153846156 0.19951923076923078 0.375
0 0.234375 0.7439903846153846 0.05048076923076923 0.23197115384615385
0 0.2608173076923077 0.7451923076923077 0.036057692307692304 0.21875
0 0.30288461538461536 0.7524038461538461 0.06850961538461539 0.24759615384615385
0 0.3449519230769231 0.6826923076923077 0.04447115384615385 0.109375
0 0.39783653846153844 0.7620192307692307 0.04447115384615385 0.1814903846153846
0 0.5396634615384616 0.7536057692307693 0.039663461538461536 0.18629807692307693
0 0.6802884615384616 0.8040865384615384 0.14423076923076922 0.3870192307692308