0 0.07211538461538461 0.28966346153846156 0.14423076923076922 0.5360576923076923
1 0.3557692307692308 0.36538461538461536 0.052884615384615384 0.40865384615384615
1 0.359375 0.47115384615384615 0.06009615384615385 0.21153846153846154
1 0.4699519230769231 0.43990384615384615 0.10336538461538461 0.27403846153846156
1 0.44471153846153844 0.31009615384615385 0.12379807692307693 0.36899038461538464
1 0.7728365384615384 0.30528846153846156 0.13701923076923078 0.5432692307692307
1 0.7475961538461539 0.5276442307692307 0.11057692307692307 0.0985576923076923
1 0.9134615384615384 0.34615384615384615 0.16826923076923078 0.46153846153846156
0 0.6850961538461539 0.29086538461538464 0.055288461538461536 0.12139423076923077
0 0.1466346153846154 0.7884615384615384 0.2932692307692308 0.4182692307692308
1 0.3798076923076923 0.7884615384615384 0.10096153846153846 0.4182692307692308
1 0.41225961538461536 0.8329326923076923 0.1658653846153846 0.3293269230769231
1 0.5372596153846154 0.7884615384615384 0.06009615384615385 0.4182692307692308
1 0.59375 0.7884615384615384 0.1201923076923077 0.4182692307692308
1 0.6971153846153846 0.7884615384615384 0.125 0.4182692307692308
1 0.8341346153846154 0.7884615384615384 0.125 0.4182692307692308
1 0.8918269230769231 0.7884615384615384 0.10096153846153846 0.4182692307692308
1 0.9615384615384616 0.7884615384615384 0.07211538461538461 0.4182692307692308