0 0.45913461538461536 0.2776442307692308 0.23557692307692307 0.5552884615384616
0 0.32091346153846156 0.2776442307692308 0.1466346153846154 0.5552884615384616
0 0.14423076923076922 0.36658653846153844 0.23076923076923078 0.37740384615384615
0 0.08052884615384616 0.19831730769230768 0.16105769230769232 0.39663461538461536
0 0.21995192307692307 0.16466346153846154 0.16105769230769232 0.3293269230769231
0 0.1346153846153846 0.052884615384615384 0.11538461538461539 0.10576923076923077
0 0.8401442307692307 0.2776442307692308 0.31490384615384615 0.5552884615384616
0 0.7019230769230769 0.2776442307692308 0.24519230769230768 0.5552884615384616
1 0.07091346153846154 0.7776442307692307 0.14182692307692307 0.43990384615384615
1 0.19110576923076922 0.7776442307692307 0.33413461538461536 0.43990384615384615
1 0.3798076923076923 0.7163461538461539 0.125 0.3173076923076923
1 0.5216346153846154 0.7776442307692307 0.11057692307692307 0.43990384615384615
0 0.7716346153846154 0.7884615384615384 0.38461538461538464 0.4182692307692308