0 0.036057692307692304 0.8064903846153846 0.07211538461538461 0.38221153846153844
0 0.07932692307692307 0.7956730769230769 0.11538461538461539 0.40384615384615385
0 0.19110576923076922 0.7884615384615384 0.13221153846153846 0.4182692307692308
0 0.25961538461538464 0.7980769230769231 0.10576923076923077 0.39903846153846156
0 0.35336538461538464 0.8112980769230769 0.10096153846153846 0.37259615384615385
0 0.015625 0.6045673076923077 0.03125 0.2283653846153846
0 0.07692307692307693 0.6057692307692307 0.1201923076923077 0.2403846153846154
0 0.12980769230769232 0.6081730769230769 0.0625 0.19230769230769232
0 0.19230769230769232 0.5853365384615384 0.07572115384615384 0.14182692307692307
0 0.27283653846153844 0.5853365384615384 0.08413461538461539 0.21033653846153846
0 0.6995192307692307 0.5997596153846154 0.19230769230769232 0.2403846153846154
0 0.5108173076923077 0.5709134615384616 0.14182692307692307 0.30528846153846156