1 0.036057692307692304 0.16346153846153846 0.07211538461538461 0.3269230769230769
1 0.18870192307692307 0.16346153846153846 0.18028846153846154 0.3269230769230769
1 0.7139423076923077 0.16346153846153846 0.2548076923076923 0.3269230769230769
1 0.038461538461538464 0.75 0.07692307692307693 0.2692307692307692
1 0.2692307692307692 0.6971153846153846 0.1346153846153846 0.6009615384615384
1 0.3629807692307692 0.6526442307692307 0.04807692307692308 0.25240384615384615
1 0.4567307692307692 0.5961538461538461 0.08052884615384616 0.2980769230769231
1 0.5661057692307693 0.6358173076923077 0.07451923076923077 0.3112980769230769
1 0.6430288461538461 0.6658653846153846 0.055288461538461536 0.18269230769230768
1 0.7211538461538461 0.5264423076923077 0.11298076923076923 0.38100961538461536
0 0.45552884615384615 0.9447115384615384 0.10817307692307693 0.10576923076923077
0 0.8605769230769231 0.9423076923076923 0.10576923076923077 0.11057692307692307
0 0.6286057692307693 0.9591346153846154 0.026442307692307692 0.07692307692307693