0 0.14783653846153846 0.11778846153846154 0.2956730769230769 0.23557692307692307
0 0.45072115384615385 0.11778846153846154 0.24759615384615385 0.23557692307692307
0 0.5540865384615384 0.0985576923076923 0.1466346153846154 0.1971153846153846
0 0.6382211538461539 0.11778846153846154 0.19471153846153846 0.23557692307692307
0 0.7572115384615384 0.11778846153846154 0.38461538461538464 0.23557692307692307
0 0.19471153846153846 0.6177884615384616 0.20192307692307693 0.7596153846153846
0 0.9591346153846154 0.9254807692307693 0.07692307692307693 0.14423076923076922
0 0.8257211538461539 0.9302884615384616 0.13701923076923078 0.1346153846153846
0 0.6646634615384616 0.9170673076923077 0.1466346153846154 0.16105769230769232
0 0.5504807692307693 0.9483173076923077 0.10096153846153846 0.0985576923076923
0 0.3858173076923077 0.8485576923076923 0.057692307692307696 0.05048076923076923