1 0.109375 0.24278846153846154 0.18509615384615385 0.4855769230769231
1 0.26322115384615385 0.24278846153846154 0.18990384615384615 0.4855769230769231
1 0.390625 0.24278846153846154 0.09375 0.4855769230769231
1 0.8040865384615384 0.24278846153846154 0.3870192307692308 0.4855769230769231
1 0.3425480769230769 0.7427884615384616 0.18990384615384615 0.5096153846153846
1 0.5108173076923077 0.7427884615384616 0.14182692307692307 0.5096153846153846
1 0.5228365384615384 0.7379807692307693 0.10336538461538461 0.5
1 0.7235576923076923 0.7427884615384616 0.10096153846153846 0.5096153846153846
1 0.7283653846153846 0.9555288461538461 0.20192307692307693 0.08413461538461539
1 0.9038461538461539 0.8341346153846154 0.1875 0.3269230769230769
1 0.8617788461538461 0.8569711538461539 0.0985576923076923 0.28125
0 0.5576923076923077 0.9122596153846154 0.057692307692307696 0.1141826923076923