0 0.08774038461538461 0.19831730769230768 0.17548076923076922 0.39663461538461536
0 0.3557692307692308 0.23677884615384615 0.46153846153846156 0.31971153846153844
0 0.6899038461538461 0.2764423076923077 0.1875 0.2403846153846154
0 0.8293269230769231 0.3137019230769231 0.22115384615384615 0.1658653846153846
0 0.4879807692307692 0.6983173076923077 0.1971153846153846 0.5985576923076923
0 0.040865384615384616 0.5360576923076923 0.07692307692307693 0.27403846153846156
0 0.13221153846153846 0.4891826923076923 0.08653846153846154 0.18028846153846154
0 0.2127403846153846 0.4795673076923077 0.07932692307692307 0.16105769230769232
0 0.12259615384615384 0.7740384615384616 0.20673076923076922 0.44711538461538464
0 0.2692307692307692 0.6237980769230769 0.18629807692307693 0.29086538461538464
0 0.4074519230769231 0.5961538461538461 0.08413461538461539 0.3942307692307692
0 0.28725961538461536 0.45552884615384615 0.12259615384615384 0.11298076923076923
0 0.6526442307692307 0.8197115384615384 0.12740384615384615 0.3557692307692308