1 0.23798076923076922 0.31850961538461536 0.47596153846153844 0.6370192307692307
0 0.8942307692307693 0.31850961538461536 0.20673076923076922 0.6370192307692307
0 0.5336538461538461 0.07091346153846154 0.08653846153846154 0.14182692307692307
0 0.6141826923076923 0.06129807692307692 0.07932692307692307 0.12259615384615384
0 0.5528846153846154 0.36778846153846156 0.14903846153846154 0.5096153846153846
0 0.6706730769230769 0.18629807692307693 0.18629807692307693 0.29086538461538464
0 0.8088942307692307 0.1778846153846154 0.08413461538461539 0.3557692307692308
0 0.6887019230769231 0.037259615384615384 0.12259615384615384 0.07451923076923077
0 0.109375 0.8810096153846154 0.21875 0.23317307692307693
0 0.6430288461538461 0.8269230769230769 0.19471153846153846 0.34134615384615385
0 0.8533653846153846 0.8185096153846154 0.25 0.3581730769230769