0 0.19110576923076922 0.41225961538461536 0.13701923076923078 0.1466346153846154
0 0.28365384615384615 0.4074519230769231 0.14423076923076922 0.15625
0 0.28846153846153844 0.42908653846153844 0.1346153846153846 0.11298076923076923
0 0.41586538461538464 0.40865384615384615 0.10576923076923077 0.15384615384615385
0 0.8689903846153846 0.3293269230769231 0.1466346153846154 0.3125
0 0.6141826923076923 0.3449519230769231 0.18990384615384615 0.28125
0 0.7680288461538461 0.3161057692307692 0.16105769230769232 0.3389423076923077
0 0.6826923076923077 0.25600961538461536 0.1141826923076923 0.25841346153846156
0 0.021634615384615384 0.7283653846153846 0.04326923076923077 0.4807692307692308
0 0.3473557692307692 0.6658653846153846 0.19591346153846154 0.31971153846153844
0 0.47475961538461536 0.7944711538461539 0.08413461538461539 0.40625
0 0.1310096153846154 0.609375 0.12259615384615384 0.20552884615384615
0 0.7800480769230769 0.7427884615384616 0.43509615384615385 0.5096153846153846