1 0.1045673076923077 0.22355769230769232 0.2091346153846154 0.44711538461538464
1 0.36899038461538464 0.375 0.09375 0.14423076923076922
0 0.28125 0.3449519230769231 0.13942307692307693 0.20432692307692307
1 0.49278846153846156 0.32572115384615385 0.14903846153846154 0.24278846153846154
1 0.5997596153846154 0.22355769230769232 0.14182692307692307 0.44711538461538464
1 0.7403846153846154 0.30528846153846156 0.09134615384615384 0.28365384615384615
1 0.8473557692307693 0.3233173076923077 0.11298076923076923 0.24759615384615385
1 0.9495192307692307 0.2980769230769231 0.09615384615384616 0.2980769230769231
1 0.03125 0.9050480769230769 0.052884615384615384 0.13221153846153846
1 0.1875 0.8305288461538461 0.04807692307692308 0.1346153846153846
1 0.23557692307692307 0.7908653846153846 0.042067307692307696 0.13701923076923078
1 0.33653846153846156 0.7355769230769231 0.0673076923076923 0.15384615384615385
1 0.6634615384615384 0.75 0.49038461538461536 0.4951923076923077