1 0.06370192307692307 0.15264423076923078 0.12740384615384615 0.30528846153846156
0 0.3004807692307692 0.23798076923076922 0.08653846153846154 0.1346153846153846
0 0.33533653846153844 0.19591346153846154 0.021634615384615384 0.06490384615384616
0 0.171875 0.2403846153846154 0.14182692307692307 0.12980769230769232
0 0.17067307692307693 0.19951923076923078 0.06129807692307692 0.10336538461538461
0 0.078125 0.21394230769230768 0.05048076923076923 0.11298076923076923
0 0.11298076923076923 0.21634615384615385 0.020432692307692308 0.09254807692307693
0 0.06490384615384616 0.15625 0.027644230769230768 0.06490384615384616
1 0.41947115384615385 0.15264423076923078 0.0889423076923077 0.30528846153846156
1 0.5024038461538461 0.15264423076923078 0.08173076923076923 0.30528846153846156
1 0.6117788461538461 0.15264423076923078 0.0985576923076923 0.30528846153846156
1 0.828125 0.15264423076923078 0.13221153846153846 0.30528846153846156
1 0.9435096153846154 0.15264423076923078 0.10817307692307693 0.30528846153846156
1 0.17307692307692307 0.6526442307692307 0.34615384615384615 0.6899038461538461
1 0.5685096153846154 0.6586538461538461 0.43990384615384615 0.6778846153846154