0 0.75 0.1346153846153846 0.4807692307692308 0.2692307692307692
0 0.7740384615384616 0.052884615384615384 0.14423076923076922 0.10576923076923077
0 0.08052884615384616 0.8137019230769231 0.16105769230769232 0.35336538461538464
0 0.13701923076923078 0.8966346153846154 0.22596153846153846 0.20192307692307693
0 0.4483173076923077 0.8004807692307693 0.11778846153846154 0.3942307692307692
0 0.3629807692307692 0.8161057692307693 0.1346153846153846 0.3629807692307692
0 0.25721153846153844 0.8293269230769231 0.14423076923076922 0.33653846153846156
1 0.5721153846153846 0.7584134615384616 0.125 0.47836538461538464
0 0.7548076923076923 0.9026442307692307 0.24519230769230768 0.18990384615384615
0 0.9242788461538461 0.796875 0.1466346153846154 0.4014423076923077
0 0.8149038461538461 0.7932692307692307 0.1045673076923077 0.23677884615384615
0 0.7259615384615384 0.7776442307692307 0.11298076923076923 0.2776442307692308
0 0.6586538461538461 0.8353365384615384 0.08173076923076923 0.3245192307692308
0 0.5697115384615384 0.8473557692307693 0.07692307692307693 0.3004807692307692
0 0.5264423076923077 0.8293269230769231 0.03365384615384615 0.33653846153846156