1 0.2403846153846154 0.15144230769230768 0.35096153846153844 0.30288461538461536
1 0.7307692307692307 0.26322115384615385 0.5240384615384616 0.5264423076923077
1 0.06370192307692307 0.7632211538461539 0.12740384615384615 0.46875
1 0.23317307692307693 0.7632211538461539 0.46634615384615385 0.46875
1 0.5084134615384616 0.8713942307692307 0.07932692307692307 0.25240384615384615
1 0.5504807692307693 0.9663461538461539 0.038461538461538464 0.0625
1 0.5889423076923077 0.9350961538461539 0.04326923076923077 0.125
1 0.6310096153846154 0.8617788461538461 0.055288461538461536 0.27163461538461536
1 0.6682692307692307 0.8473557692307693 0.125 0.3004807692307692
1 0.7223557692307693 0.796875 0.1658653846153846 0.4014423076923077
1 0.8076923076923077 0.9375 0.038461538461538464 0.1201923076923077
1 0.8401442307692307 0.9314903846153846 0.040865384615384616 0.13221153846153846
1 0.8774038461538461 0.921875 0.10576923076923077 0.15144230769230768
1 0.9855769230769231 0.9278846153846154 0.02403846153846154 0.13942307692307693