1 0.03245192307692308 0.3894230769230769 0.06490384615384616 0.39903846153846156
1 0.13822115384615385 0.38461538461538464 0.13822115384615385 0.3954326923076923
1 0.2824519230769231 0.39302884615384615 0.13822115384615385 0.41225961538461536
1 0.38221153846153844 0.38822115384615385 0.04807692307692308 0.4014423076923077
1 0.4495192307692308 0.46033653846153844 0.08173076923076923 0.5504807692307693
1 0.48677884615384615 0.4098557692307692 0.15625 0.6514423076923077
1 0.5673076923076923 0.5096153846153846 0.037259615384615384 0.28846153846153844
1 0.5997596153846154 0.5024038461538461 0.039663461538461536 0.29447115384615385
1 0.6370192307692307 0.5348557692307693 0.10576923076923077 0.4014423076923077
1 0.7175480769230769 0.59375 0.039663461538461536 0.21394230769230768
1 0.7560096153846154 0.4795673076923077 0.04326923076923077 0.2644230769230769
1 0.8088942307692307 0.484375 0.042067307692307696 0.27524038461538464
1 0.8449519230769231 0.4266826923076923 0.03245192307692308 0.20192307692307693
1 0.8353365384615384 0.5444711538461539 0.08533653846153846 0.29086538461538464
1 0.8798076923076923 0.5252403846153846 0.054086538461538464 0.4110576923076923
1 0.9086538461538461 0.5120192307692307 0.052884615384615384 0.44711538461538464
1 0.9519230769230769 0.47836538461538464 0.06129807692307692 0.45913461538461536
1 0.203125 0.8677884615384616 0.40625 0.25961538461538464
1 0.5336538461538461 0.8677884615384616 0.11538461538461539 0.25961538461538464
1 0.6105769230769231 0.8677884615384616 0.09134615384615384 0.25961538461538464
1 0.7067307692307693 0.8677884615384616 0.12980769230769232 0.25961538461538464
1 0.8064903846153846 0.8677884615384616 0.0985576923076923 0.25961538461538464
1 0.8798076923076923 0.8677884615384616 0.09615384615384616 0.25961538461538464