1 0.36538461538461536 0.2848557692307692 0.16346153846153846 0.5697115384615384
1 0.5673076923076923 0.11778846153846154 0.0673076923076923 0.23557692307692307
1 0.6706730769230769 0.10216346153846154 0.08173076923076923 0.20432692307692307
1 0.78125 0.125 0.07692307692307693 0.25
1 0.8569711538461539 0.12259615384615384 0.055288461538461536 0.18269230769230768
1 0.9350961538461539 0.08774038461538461 0.11538461538461539 0.17548076923076922
0 0.47836538461538464 0.4375 0.057692307692307696 0.27884615384615385
0 0.6694711538461539 0.46274038461538464 0.10817307692307693 0.2283653846153846
0 0.8425480769230769 0.453125 0.02403846153846154 0.14783653846153846
1 0.5420673076923077 0.7884615384615384 0.18509615384615385 0.4182692307692308
1 0.7103365384615384 0.7884615384615384 0.18028846153846154 0.4182692307692308