0 0.15865384615384615 0.2980769230769231 0.3173076923076923 0.5961538461538461
1 0.4543269230769231 0.30408653846153844 0.2692307692307692 0.5841346153846154
1 0.4411057692307692 0.08653846153846154 0.21875 0.17307692307692307
1 0.6201923076923077 0.2536057692307692 0.1875 0.5072115384615384
1 0.8317307692307693 0.2980769230769231 0.3076923076923077 0.5961538461538461
1 0.9266826923076923 0.21875 0.14182692307692307 0.4375
1 0.1935096153846154 0.7980769230769231 0.24759615384615385 0.39903846153846156
0 0.2764423076923077 0.7980769230769231 0.08173076923076923 0.39903846153846156
1 0.5432692307692307 0.7139423076923077 0.2692307692307692 0.23076923076923078
0 0.38822115384615385 0.7980769230769231 0.13701923076923078 0.39903846153846156
0 0.7680288461538461 0.7980769230769231 0.25240384615384615 0.39903846153846156