1 0.08653846153846154 0.23317307692307693 0.17307692307692307 0.46634615384615385
1 0.22115384615384615 0.14182692307692307 0.1346153846153846 0.28365384615384615
1 0.4543269230769231 0.18990384615384615 0.08653846153846154 0.3798076923076923
1 0.7487980769230769 0.23317307692307693 0.49759615384615385 0.46634615384615385
1 0.010817307692307692 0.7728365384615384 0.021634615384615384 0.4495192307692308
1 0.03125 0.7608173076923077 0.0625 0.4735576923076923
1 0.06610576923076923 0.7524038461538461 0.0889423076923077 0.49038461538461536
1 0.13942307692307693 0.6850961538461539 0.15865384615384615 0.4326923076923077
1 0.33052884615384615 0.7331730769230769 0.1466346153846154 0.5288461538461539
1 0.36899038461538464 0.7475961538461539 0.11778846153846154 0.5
1 0.6370192307692307 0.7331730769230769 0.27403846153846156 0.5288461538461539