0 0.23798076923076922 0.23798076923076922 0.47596153846153844 0.47596153846153844
1 0.6358173076923077 0.23798076923076922 0.31490384615384615 0.47596153846153844
0 0.8942307692307693 0.34975961538461536 0.20673076923076922 0.25240384615384615
0 0.9591346153846154 0.2091346153846154 0.07692307692307693 0.2403846153846154
0 0.8846153846153846 0.1935096153846154 0.11298076923076923 0.2776442307692308
0 0.8173076923076923 0.2824519230769231 0.08173076923076923 0.3870192307692308
0 0.7283653846153846 0.2692307692307692 0.07451923076923077 0.3125
0 0.6514423076923077 0.25240384615384615 0.0985576923076923 0.34975961538461536
1 0.0625 0.7043269230769231 0.125 0.4519230769230769
1 0.3942307692307692 0.6911057692307693 0.16346153846153846 0.4254807692307692
0 0.7379807692307693 0.7379807692307693 0.5192307692307693 0.5192307692307693