1 0.2127403846153846 0.2127403846153846 0.020432692307692308 0.054086538461538464
1 0.02283653846153846 0.0673076923076923 0.018028846153846152 0.04807692307692308
1 0.27524038461538464 0.6153846153846154 0.016826923076923076 0.10216346153846154
1 0.28966346153846156 0.578125 0.026442307692307692 0.15384615384615385
1 0.3076923076923077 0.5600961538461539 0.026442307692307692 0.203125
1 0.3473557692307692 0.4675480769230769 0.051682692307692304 0.359375
1 0.4387019230769231 0.32091346153846156 0.0733173076923077 0.6105769230769231
1 0.6358173076923077 0.3317307692307692 0.18028846153846154 0.6634615384615384
1 0.5649038461538461 0.6225961538461539 0.11057692307692307 0.15384615384615385
1 0.27884615384615385 0.8533653846153846 0.4567307692307692 0.28846153846153844
1 0.7536057692307693 0.8533653846153846 0.4879807692307692 0.28846153846153844