0 0.1201923076923077 0.44471153846153844 0.15865384615384615 0.4230769230769231
0 0.2283653846153846 0.4543269230769231 0.11057692307692307 0.40384615384615385
0 0.30649038461538464 0.43028846153846156 0.1466346153846154 0.4519230769230769
0 0.3629807692307692 0.41947115384615385 0.0673076923076923 0.4735576923076923
0 0.12980769230769232 0.14302884615384615 0.08653846153846154 0.24759615384615385
0 0.14182692307692307 0.19110576923076922 0.09375 0.14182692307692307
0 0.203125 0.14423076923076922 0.07572115384615384 0.203125
0 0.27524038461538464 0.1935096153846154 0.12259615384615384 0.22716346153846154
0 0.3605769230769231 0.19591346153846154 0.07211538461538461 0.24278846153846154
1 0.5096153846153846 0.328125 0.22115384615384615 0.65625
1 0.9002403846153846 0.2920673076923077 0.19471153846153846 0.5841346153846154
0 0.7608173076923077 0.2848557692307692 0.3918269230769231 0.5697115384615384
0 0.19831730769230768 0.828125 0.39663461538461536 0.3389423076923077
0 0.5360576923076923 0.8930288461538461 0.27403846153846156 0.2091346153846154