0 0.0733173076923077 0.2800480769230769 0.1466346153846154 0.4735576923076923
0 0.14783653846153846 0.04567307692307692 0.2956730769230769 0.09134615384615384
0 0.15745192307692307 0.27403846153846156 0.2764423076923077 0.4855769230769231
1 0.49759615384615385 0.22355769230769232 0.125 0.44711538461538464
1 0.6310096153846154 0.17668269230769232 0.1466346153846154 0.35336538461538464
1 0.7860576923076923 0.23317307692307693 0.18269230769230768 0.46634615384615385
1 0.8413461538461539 0.07932692307692307 0.125 0.15865384615384615
1 0.9603365384615384 0.22355769230769232 0.07451923076923077 0.44711538461538464
0 0.9350961538461539 0.8185096153846154 0.125 0.31971153846153844
0 0.65625 0.7584134615384616 0.5865384615384616 0.47836538461538464
0 0.38100961538461536 0.5829326923076923 0.1658653846153846 0.12740384615384615