0 0.2764423076923077 0.22115384615384615 0.22596153846153846 0.4423076923076923
1 0.10096153846153846 0.22716346153846154 0.20192307692307693 0.4543269230769231
1 0.44471153846153844 0.22596153846153846 0.20192307692307693 0.4519230769230769
1 0.5853365384615384 0.21995192307692307 0.12259615384615384 0.43990384615384615
1 0.7704326923076923 0.24879807692307693 0.24278846153846154 0.49759615384615385
1 0.33533653846153844 0.7704326923076923 0.33413461538461536 0.4543269230769231
0 0.5913461538461539 0.8762019230769231 0.11057692307692307 0.24278846153846154
0 0.5264423076923077 0.8942307692307693 0.08173076923076923 0.20673076923076922
0 0.4375 0.90625 0.07692307692307693 0.18269230769230768
0 0.3605769230769231 0.8882211538461539 0.10096153846153846 0.21875
1 0.6838942307692307 0.7584134615384616 0.06971153846153846 0.47836538461538464
1 0.8762019230769231 0.7487980769230769 0.20432692307692307 0.49759615384615385