1 0.15264423076923078 0.27283653846153844 0.30528846153846156 0.3293269230769231
0 0.7139423076923077 0.21875 0.2644230769230769 0.4375
0 0.9038461538461539 0.29086538461538464 0.1875 0.2932692307692308
0 0.5264423076923077 0.27283653846153844 0.21634615384615385 0.3293269230769231
0 0.01201923076923077 0.7139423076923077 0.02403846153846154 0.3798076923076923
0 0.14302884615384615 0.6442307692307693 0.08052884615384616 0.2800480769230769
0 0.04326923076923077 0.9086538461538461 0.08653846153846154 0.1778846153846154
0 0.051682692307692304 0.796875 0.10336538461538461 0.22355769230769232
0 0.17067307692307693 0.8473557692307693 0.1346153846153846 0.3004807692307692
0 0.29927884615384615 0.8353365384615384 0.1466346153846154 0.3245192307692308
0 0.0673076923076923 0.6358173076923077 0.10216346153846154 0.2668269230769231
0 0.2247596153846154 0.6213942307692307 0.09615384615384616 0.2692307692307692
0 0.7079326923076923 0.71875 0.5793269230769231 0.5576923076923077