1 0.15745192307692307 0.19831730769230768 0.22355769230769232 0.39663461538461536
1 0.28725961538461536 0.22235576923076922 0.046875 0.203125
1 0.31850961538461536 0.22716346153846154 0.04927884615384615 0.23076923076923078
1 0.3737980769230769 0.22956730769230768 0.04927884615384615 0.2608173076923077
1 0.5216346153846154 0.19831730769230768 0.1875 0.39663461538461536
1 0.5564903846153846 0.1310096153846154 0.10336538461538461 0.2620192307692308
1 0.7572115384615384 0.18389423076923078 0.10096153846153846 0.36778846153846156
1 0.7620192307692307 0.2920673076923077 0.20192307692307693 0.2091346153846154
1 0.9206730769230769 0.19831730769230768 0.15384615384615385 0.39663461538461536
1 0.8954326923076923 0.19831730769230768 0.0985576923076923 0.39663461538461536
0 0.5913461538461539 0.18629807692307693 0.057692307692307696 0.1141826923076923
1 0.030048076923076924 0.7572115384615384 0.06009615384615385 0.4807692307692308
1 0.18629807692307693 0.6983173076923077 0.16105769230769232 0.5985576923076923
1 0.37740384615384615 0.7704326923076923 0.09615384615384616 0.4543269230769231
1 0.5084134615384616 0.6983173076923077 0.16105769230769232 0.5985576923076923
1 0.8870192307692307 0.6983173076923077 0.22115384615384615 0.5985576923076923
0 0.7079326923076923 0.9110576923076923 0.10336538461538461 0.17307692307692307