1 0.2127403846153846 0.14543269230769232 0.4254807692307692 0.29086538461538464
1 0.3713942307692308 0.1875 0.3918269230769231 0.375
1 0.6658653846153846 0.18629807692307693 0.19230769230769232 0.37259615384615385
0 0.7980769230769231 0.18269230769230768 0.39903846153846156 0.36538461538461536
0 0.46033653846153844 0.703125 0.21394230769230768 0.5889423076923077
0 0.28846153846153844 0.703125 0.5576923076923077 0.5889423076923077
1 0.7355769230769231 0.6346153846153846 0.2692307692307692 0.4519230769230769
1 0.9879807692307693 0.4579326923076923 0.019230769230769232 0.0985576923076923
1 0.9302884615384616 0.44350961538461536 0.07211538461538461 0.06971153846153846
0 0.609375 0.75 0.07932692307692307 0.4951923076923077
0 0.9158653846153846 0.7487980769230769 0.16346153846153846 0.49759615384615385
0 0.84375 0.4891826923076923 0.057692307692307696 0.16105769230769232
0 0.9278846153846154 0.4579326923076923 0.04807692307692308 0.0985576923076923
0 0.8870192307692307 0.4579326923076923 0.04326923076923077 0.0985576923076923