0 0.2536057692307692 0.28846153846153844 0.5072115384615384 0.5769230769230769
0 0.7536057692307693 0.28846153846153844 0.4879807692307692 0.5769230769230769
1 0.039663461538461536 0.8629807692307693 0.07932692307692307 0.2548076923076923
1 0.08173076923076923 0.8641826923076923 0.09615384615384616 0.2668269230769231
1 0.15384615384615385 0.8557692307692307 0.1201923076923077 0.28365384615384615
1 0.2247596153846154 0.8161057692307693 0.15745192307692307 0.2644230769230769
1 0.34975961538461536 0.8197115384615384 0.21394230769230768 0.3557692307692308
1 0.4519230769230769 0.7980769230769231 0.11057692307692307 0.39903846153846156
1 0.5564903846153846 0.7572115384615384 0.09375 0.3557692307692308
1 0.671875 0.7259615384615384 0.11298076923076923 0.2932692307692308
1 0.765625 0.7884615384615384 0.08413461538461539 0.4182692307692308
1 0.8545673076923077 0.7235576923076923 0.12740384615384615 0.28846153846153844
1 0.9459134615384616 0.7848557692307693 0.10336538461538461 0.4110576923076923