1 0.020432692307692308 0.21754807692307693 0.040865384615384616 0.23317307692307693
1 0.07932692307692307 0.203125 0.13942307692307693 0.40625
1 0.19951923076923078 0.15985576923076922 0.10576923076923077 0.31971153846153844
1 0.31971153846153844 0.1814903846153846 0.125 0.3629807692307692
1 0.4579326923076923 0.28365384615384615 0.21875 0.5673076923076923
1 0.6706730769230769 0.4230769230769231 0.20192307692307693 0.28846153846153844
0 0.7836538461538461 0.43149038461538464 0.42788461538461536 0.27163461538461536
1 0.09615384615384616 0.7836538461538461 0.19230769230769232 0.42788461538461536
1 0.22115384615384615 0.7836538461538461 0.27403846153846156 0.42788461538461536
1 0.6069711538461539 0.7836538461538461 0.07451923076923077 0.42788461538461536
1 0.6826923076923077 0.7836538461538461 0.16826923076923078 0.42788461538461536
1 0.8377403846153846 0.7896634615384616 0.19471153846153846 0.41586538461538464