1 0.5096153846153846 0.5072115384615384 0.037259615384615384 0.28846153846153844
1 0.5420673076923077 0.5 0.039663461538461536 0.29447115384615385
1 0.5793269230769231 0.4987980769230769 0.10576923076923077 0.33413461538461536
1 0.6598557692307693 0.5745192307692307 0.040865384615384616 0.18269230769230768
1 0.6983173076923077 0.47716346153846156 0.04326923076923077 0.2644230769230769
1 0.7512019230769231 0.48197115384615385 0.042067307692307696 0.27524038461538464
1 0.7872596153846154 0.42427884615384615 0.03245192307692308 0.20192307692307693
1 0.7776442307692307 0.53125 0.0889423076923077 0.2692307692307692
1 0.8221153846153846 0.49158653846153844 0.057692307692307696 0.3485576923076923
1 0.8509615384615384 0.47596153846153844 0.052884615384615384 0.3798076923076923
1 0.8942307692307693 0.45552884615384615 0.0625 0.4206730769230769
1 0.9459134615384616 0.36658653846153844 0.10336538461538461 0.5985576923076923
1 0.3125 0.8329326923076923 0.3076923076923077 0.3293269230769231
1 0.6971153846153846 0.8329326923076923 0.4230769230769231 0.3293269230769231