0 0.0985576923076923 0.17307692307692307 0.1971153846153846 0.34615384615384615
1 0.6418269230769231 0.17668269230769232 0.6682692307692307 0.3389423076923077
1 0.078125 0.6730769230769231 0.15625 0.6490384615384616
1 0.40865384615384615 0.6730769230769231 0.20192307692307693 0.6490384615384616
1 0.5324519230769231 0.6730769230769231 0.15144230769230768 0.6490384615384616
1 0.6274038461538461 0.6730769230769231 0.17307692307692307 0.6490384615384616
1 0.7067307692307693 0.6971153846153846 0.08173076923076923 0.6009615384615384
1 0.7584134615384616 0.7175480769230769 0.10336538461538461 0.5600961538461539
1 0.8605769230769231 0.6983173076923077 0.19230769230769232 0.5985576923076923
1 0.9519230769230769 0.8185096153846154 0.07211538461538461 0.3581730769230769
1 0.9591346153846154 0.8701923076923077 0.07692307692307693 0.2548076923076923