1 0.15865384615384615 0.2932692307692308 0.3173076923076923 0.5865384615384616
1 0.6682692307692307 0.08413461538461539 0.27403846153846156 0.16826923076923078
1 0.8918269230769231 0.07572115384615384 0.21153846153846154 0.15144230769230768
1 0.7896634615384616 0.2932692307692308 0.41586538461538464 0.5865384615384616
1 0.4735576923076923 0.28966346153846156 0.3076923076923077 0.5793269230769231
0 0.16947115384615385 0.6670673076923077 0.17548076923076922 0.15625
0 0.2668269230769231 0.6574519230769231 0.10096153846153846 0.13701923076923078
0 0.28846153846153844 0.7127403846153846 0.057692307692307696 0.24759615384615385
0 0.15504807692307693 0.7175480769230769 0.24278846153846154 0.25721153846153844
0 0.04807692307692308 0.7019230769230769 0.09615384615384616 0.22596153846153846
1 0.7475961538461539 0.7932692307692307 0.5 0.40865384615384615