1 0.0889423076923077 0.19110576923076922 0.1778846153846154 0.38221153846153844
1 0.6334134615384616 0.203125 0.18990384615384615 0.40625
1 0.8798076923076923 0.203125 0.1778846153846154 0.40625
1 0.040865384615384616 0.703125 0.08173076923076923 0.5889423076923077
1 0.08413461538461539 0.7860576923076923 0.037259615384615384 0.28846153846153844
1 0.11658653846153846 0.7788461538461539 0.039663461538461536 0.29447115384615385
1 0.15384615384615385 0.8040865384615384 0.10576923076923077 0.3870192307692308
1 0.234375 0.8701923076923077 0.039663461538461536 0.21394230769230768
1 0.27283653846153844 0.7560096153846154 0.04326923076923077 0.2644230769230769
1 0.32572115384615385 0.7608173076923077 0.042067307692307696 0.27524038461538464
1 0.34975961538461536 0.703125 0.01201923076923077 0.20432692307692307
1 0.3317307692307692 0.8221153846153846 0.04807692307692308 0.2932692307692308