0 0.20192307692307693 0.3485576923076923 0.35096153846153844 0.6971153846153846
0 0.18870192307692307 0.3485576923076923 0.37740384615384615 0.6971153846153846
1 0.390625 0.43509615384615385 0.021634615384615384 0.5192307692307693
1 0.6526442307692307 0.28125 0.13701923076923078 0.5625
1 0.6274038461538461 0.5240384615384616 0.11057692307692307 0.34615384615384615
1 0.7956730769230769 0.3485576923076923 0.17307692307692307 0.6971153846153846
1 0.9266826923076923 0.41466346153846156 0.12259615384615384 0.5649038461538461
0 0.5649038461538461 0.16346153846153846 0.055288461538461536 0.12139423076923077
0 0.07451923076923077 0.78125 0.14903846153846154 0.16346153846153846
0 0.7728365384615384 0.9014423076923077 0.040865384615384616 0.19230769230769232
0 0.9170673076923077 0.8677884615384616 0.04447115384615385 0.2536057692307692