1 0.09495192307692307 0.25841346153846156 0.16105769230769232 0.5168269230769231
1 0.31009615384615385 0.3233173076923077 0.1971153846153846 0.6466346153846154
1 0.6430288461538461 0.3233173076923077 0.1466346153846154 0.6466346153846154
1 0.7584134615384616 0.31971153846153844 0.08533653846153846 0.46153846153846156
1 0.8413461538461539 0.2644230769230769 0.078125 0.3425480769230769
1 0.9495192307692307 0.2860576923076923 0.09615384615384616 0.359375
1 0.2127403846153846 0.8233173076923077 0.4254807692307692 0.3485576923076923
1 0.4951923076923077 0.8233173076923077 0.14423076923076922 0.3485576923076923
1 0.5973557692307693 0.71875 0.040865384615384616 0.13942307692307693
1 0.6490384615384616 0.8233173076923077 0.09134615384615384 0.3485576923076923
1 0.8329326923076923 0.8233173076923077 0.13701923076923078 0.3485576923076923
1 0.9699519230769231 0.8377403846153846 0.055288461538461536 0.31971153846153844