0 0.25 0.21995192307692307 0.18269230769230768 0.27163461538461536
0 0.43509615384615385 0.23557692307692307 0.09134615384615384 0.2403846153846154
1 0.0889423076923077 0.1778846153846154 0.1778846153846154 0.3557692307692308
1 0.4579326923076923 0.1778846153846154 0.13701923076923078 0.3557692307692308
0 0.7920673076923077 0.06610576923076923 0.4110576923076923 0.13221153846153846
1 0.09975961538461539 0.6778846153846154 0.12740384615384615 0.6394230769230769
1 0.26802884615384615 0.6778846153846154 0.17548076923076922 0.6394230769230769
1 0.4411057692307692 0.6778846153846154 0.17067307692307693 0.6394230769230769
1 0.6141826923076923 0.6298076923076923 0.17067307692307693 0.5432692307692307
1 0.7512019230769231 0.5576923076923077 0.21875 0.39903846153846156
1 0.8846153846153846 0.6502403846153846 0.1201923076923077 0.546875
1 0.9735576923076923 0.7475961538461539 0.04807692307692308 0.5