1 0.07572115384615384 0.24158653846153846 0.15144230769230768 0.4831730769230769
1 0.30528846153846156 0.2283653846153846 0.18269230769230768 0.4567307692307692
1 0.546875 0.27283653846153844 0.21394230769230768 0.5456730769230769
1 0.7475961538461539 0.4050480769230769 0.09615384615384616 0.28125
1 0.7103365384615384 0.4362980769230769 0.04567307692307692 0.21875
1 0.8521634615384616 0.46153846153846156 0.06490384615384616 0.16826923076923078
1 0.9399038461538461 0.4807692307692308 0.057692307692307696 0.12980769230769232
0 0.3870192307692308 0.65625 0.07211538461538461 0.21634615384615385
0 0.2608173076923077 0.6634615384615384 0.06370192307692307 0.08052884615384616
0 0.12379807692307693 0.6634615384615384 0.08052884615384616 0.08533653846153846
1 0.5564903846153846 0.7728365384615384 0.15144230769230768 0.4495192307692308
1 0.6478365384615384 0.7896634615384616 0.09375 0.41586538461538464
1 0.7403846153846154 0.7728365384615384 0.18269230769230768 0.4495192307692308
1 0.8665865384615384 0.7728365384615384 0.11778846153846154 0.4495192307692308
1 0.9182692307692307 0.7824519230769231 0.09615384615384616 0.43028846153846156